    Structural element	 Node	Local number	                 X [m]	                 Y [m]	              N [kN/m]	          N_min [kN/m]	         N_max [kN/m]	              Q [kN/m]	          Q_min [kN/m]	         Q_max [kN/m]	            M [kN m/m]	        M_min [kN m/m]	       M_max [kN m/m]
           Plate\_1\_1	  481	           1	-7,50000000000000E+000	 2,85000000000000E+000	 1,11451525270882E+000	-8,04530658812172E-001	1,11892218795259E+000	 2,88110749576674E+000	-9,36710463384537E-002	2,89271215493922E+000	 0,00000000000000E+000	-6,30523411260242E-013	3,66623398306842E-013
   Element 1-1 (Plate)	  480	           2	-7,50000000000000E+000	 2,51250000000000E+000	-4,31948551849978E+000	-5,26598259238743E+000	5,86208363179141E-005	-1,01006830410835E+001	-1,26420993915753E+001	1,69367103826703E+000	-1,14215474774272E+000	-1,70306000874940E+000	3,13423271299049E-001
                (ERSS)	  479	           3	-7,50000000000000E+000	 2,17500000000000E+000	-1,01182787032564E+001	-1,07781219452398E+001	3,29549126897870E-005	-2,51477546231217E+001	-2,70787179956065E+001	2,47531139895095E+000	-7,06354766718151E+000	-8,39232268638222E+000	1,03419525045104E+000
                      	  478	           4	-7,50000000000000E+000	 1,83750000000000E+000	-1,60517004772770E+001	-1,60742400549903E+001	1,74607721085982E-005	-4,16646569078327E+001	-4,17334336698328E+001	2,57518838288977E+000	-1,82860791107730E+001	-1,99423730927473E+001	1,90081049994095E+000
                      	  482	           5	-7,50000000000000E+000	 1,50000000000000E+000	-2,18895870162776E+001	-2,19017268506884E+001	1,52355267939873E-005	-5,90559395527013E+001	-5,90944868059572E+001	2,52169863006703E+000	-3,52721403522486E+001	-3,62762473975197E+001	2,68589307815659E+000
           Plate\_2\_1	 8264	           1	 7,50000000000000E+000	 2,85000000000000E+000	 1,08551342410368E+000	-8,29799505828942E-001	1,11301454693183E+000	-2,80603631289003E+000	-2,91678239613714E+000	1,15953671072640E-001	 0,00000000000000E+000	-6,68284871885305E-013	5,12059145085786E-013
   Element 2-2 (Plate)	 8265	           2	 7,50000000000000E+000	 2,51250000000000E+000	-4,33093727661825E+000	-5,21686689833524E+000	5,92449883760940E-005	 1,01302691393124E+001	-1,70839787254120E+000	1,30799472368493E+001	 1,15850928107923E+000	-3,10337921539204E-001	1,77794383143419E+000
                (ERSS)	 8266	           3	 7,50000000000000E+000	 2,17500000000000E+000	-1,01282366632574E+001	-1,06949933623915E+001	3,35130310771238E-005	 2,51731412269405E+001	-2,50190406608942E+000	2,77809131927749E+001	 7,08825777355529E+000	-1,03842117448659E+000	8,67337366553357E+000
                      	 8267	           4	 7,50000000000000E+000	 1,83750000000000E+000	-1,60742173328359E+001	-1,60778938114028E+001	1,77458822228144E-005	 4,17221804069302E+001	-2,57509762552508E+000	4,20290570367024E+001	 1,83236592064861E+001	-1,91243710325462E+000	2,04811674972903E+001
                      	 8268	           5	 7,50000000000000E+000	 1,50000000000000E+000	-2,19367118823759E+001	-2,19367118823759E+001	1,51321887008357E-005	 5,91769871362174E+001	-2,49220780802153E+000	5,91769871362174E+001	 3,53391106666151E+001	-2,68516526583893E+000	3,70868594477155E+001
           Plate\_1\_2	  482	           1	-7,50000000000000E+000	 1,50000000000000E+000	-2,19885337599718E+001	-2,20009432744724E+001	1,35585556219019E-005	 1,00234858648034E+002	-1,91366672412358E+001	1,37538814599061E+002	-3,52721403522486E+001	-3,62762473975197E+001	2,68589307815664E+000
   Element 3-3 (Plate)	  467	           2	-7,50000000000000E+000	 1,25000000000000E+000	-2,63627918104680E+001	-2,63721151392578E+001	1,50760266216634E-005	 8,65012844833554E+001	-2,59354310028008E+001	1,26712285178453E+002	-1,19003599568423E+001	-1,64882101945215E+001	3,20982533738254E+000
                (ERSS)	  466	           3	-7,50000000000000E+000	 1,00000000000000E+000	-3,09356274373877E+001	-3,09406127327097E+001	1,67990418941158E-005	 7,16365306070294E+001	-3,35131863006560E+001	1,15739168320774E+002	 7,87551282888153E+000	-2,39142413850680E+001	2,70664461559034E+001
                      	  465	           4	-7,50000000000000E+000	 7,50000000000000E-001	-3,55066115152701E+001	-3,55067660362120E+001	1,86984302756361E-005	 5,61611023060435E+001	-4,16176931969325E+001	1,04883464430919E+002	 2,38753210879407E+001	-3,32925482822566E+001	5,46508489257392E+001
                      	  464	           5	-7,50000000000000E+000	 5,00000000000000E-001	-3,98753149186547E+001	-3,98753149186547E+001	2,07450206026014E-005	 4,05955048673848E+001	-4,99967117537613E+001	9,44091739137810E+001	 3,59573281435719E+001	-4,47416571376446E+001	7,95427348686835E+001
           Plate\_2\_2	 8268	           1	 7,50000000000000E+000	 1,50000000000000E+000	-2,20063415462522E+001	-2,20063415462522E+001	1,35790948467085E-005	-1,00189460575107E+002	-1,36818956885579E+002	1,92760045895379E+001	 3,53391106666151E+001	-2,68516526583915E+000	3,70868594477155E+001
   Element 4-4 (Plate)	 7765	           2	 7,50000000000000E+000	 1,25000000000000E+000	-2,63323684167291E+001	-2,63323684167291E+001	1,50910575623070E-005	-8,65803693939979E+001	-1,26134400142881E+002	2,56257826674706E+001	 1,19640327245986E+001	-3,20663479830589E+000	1,64478638981199E+001
                (ERSS)	 7766	           3	 7,50000000000000E+000	 1,00000000000000E+000	-3,08422843900632E+001	-3,08422843900632E+001	1,67979894368033E-005	-7,18776860828667E+001	-1,15315420148204E+002	3,29691878454318E+001	-7,85131486672616E+000	-2,59749571564133E+001	2,37580845774919E+001
                      	 7767	           4	 7,50000000000000E+000	 7,50000000000000E-001	-3,53378901817869E+001	-3,53378901817869E+001	1,86711199404051E-005	-5,65960656637974E+001	-1,04490372219701E+002	4,11825650859765E+001	-2,39348972780924E+001	-5,34597259948961E+001	3,30087262143010E+001
                      	 7764	           5	 7,50000000000000E+000	 5,00000000000000E-001	-3,96209865074327E+001	-3,96209865074327E+001	2,06816785433204E-005	-4,12501631588732E+001	-9,37876116755259E+001	5,01422593516602E+001	-3,61526687008266E+001	-7,82331080577605E+001	4,44090795459115E+001
           Plate\_1\_3	  464	           1	-7,50000000000000E+000	 5,00000000000000E-001	-4,01414186283062E+001	-4,01414186283062E+001	2,06659355514839E-005	 3,99042186454971E+001	-5,00605130992012E+001	9,42937164280483E+001	 3,59573281435719E+001	-4,47416571376446E+001	7,95427348686834E+001
  Element 6-10 (Plate)	  295	           2	-7,50000000000000E+000	 8,33333333333334E-002	-4,76674822622094E+001	-4,76674822622094E+001	2,40521324362777E-005	 1,19628382890710E+001	-6,07454983807520E+001	7,74577900012534E+001	 4,67973214612949E+001	-6,79720641224413E+001	1,15338415315022E+002
                (ERSS)	  294	           3	-7,50000000000000E+000	-3,33333333333333E-001	-5,50706897581319E+001	-5,50706897581319E+001	2,67597521124479E-005	-1,73779685994709E+001	-6,66371333871077E+001	5,94690978355533E+001	 4,57365388679083E+001	-9,46992803919498E+001	1,43940517778501E+002
                      	  293	           4	-7,50000000000000E+000	-7,50000000000000E-001	-6,24970263275375E+001	-6,24970263275375E+001	2,87848896072836E-005	-4,84877656307054E+001	-6,70899469731966E+001	3,98092375815115E+001	 3,20667732448266E+001	-1,22711900862116E+002	1,64675468208776E+002
                      	  292	           5	-7,50000000000000E+000	-1,16666666666667E+000	-7,00924771818899E+001	-7,00924771818899E+001	3,01236399480740E-005	-8,17361164152091E+001	-8,17361164152091E+001	1,79598068896914E+001	 5,02876408167882E+000	-1,49737647298188E+002	1,76801291573951E+002
           Plate\_1\_3	  292	           1	-7,50000000000000E+000	-1,16666666666667E+000	-7,00733388864849E+001	-7,00733388864849E+001	3,01603082569672E-005	-8,16912639116846E+001	-8,16912639116846E+001	1,80198293001490E+001	 5,02876408167882E+000	-1,49737647298188E+002	1,76801291573950E+002
  Element 6-11 (Plate)	   45	           2	-7,50000000000000E+000	-1,37500000000000E+000	-7,35192054897885E+001	-7,35192054897885E+001	3,06262972500084E-005	-9,80456728213127E+001	-9,80456728213127E+001	7,63725393572977E+000	-1,36857024226269E+001	-1,62460263229564E+002	1,79475691091839E+002
                (ERSS)	   44	           3	-7,50000000000000E+000	-1,58333333333333E+000	-7,68435446295732E+001	-7,68435446295732E+001	3,09866641192983E-005	-1,14518741556445E+002	-1,14518741556445E+002	0,00000000000000E+000	-3,58339081481162E+001	-1,74567309293706E+002	1,79967273218360E+002
                      	   43	           4	-7,50000000000000E+000	-1,79166666666667E+000	-8,00201417477094E+001	-8,00201417477094E+001	3,12450283950933E-005	-1,31036984905921E+002	-1,31036984905921E+002	1,63293243023406E-006	-6,14160077714055E+001	-1,86163408176213E+002	1,78205741853232E+002
                      	   66	           5	-7,50000000000000E+000	-2,00000000000000E+000	-8,30227822860673E+001	-8,30227822860673E+001	3,14050096076500E-005	-1,47526917658583E+002	-1,47526917658583E+002	9,91590015967349E-006	-9,04286142171918E+001	-1,97375489600717E+002	1,74112694409208E+002
           Plate\_2\_3	 7764	           1	 7,50000000000000E+000	 5,00000000000000E-001	-3,99051735150871E+001	-3,99051735150871E+001	2,06077551849727E-005	-4,05123132594846E+001	-9,41548344003503E+001	4,96937272266754E+001	-3,61526687008267E+001	-7,82331080577604E+001	4,44090795459115E+001
  Element 9-16 (Plate)	 7671	           2	 7,50000000000000E+000	 8,33333333333334E-002	-4,75345761370621E+001	-4,75345761370621E+001	2,39445532032271E-005	-1,23007441384548E+001	-7,73268841282513E+001	6,06422129305713E+001	-4,71174860597811E+001	-1,13906897377630E+002	6,75941866036355E+001
                (ERSS)	 7672	           3	 7,50000000000000E+000	-3,33333333333333E-001	-5,46705411301236E+001	-5,46705411301236E+001	2,66080676307657E-005	 1,63523002070220E+001	-6,01863788197570E+001	6,61274842693362E+001	-4,63725695716739E+001	-1,42662948469715E+002	9,41560088649840E+001
                      	 7673	           4	 7,50000000000000E+000	-7,50000000000000E-001	-6,18809366436353E+001	-6,18809366436353E+001	2,85939728711756E-005	 4,69070157506349E+001	-4,11926413908318E+001	6,60097881731166E+001	-3,32234410274473E+001	-1,63816549499566E+002	1,21815981818029E+002
                      	 8784	           5	 7,50000000000000E+000	-1,16666666666667E+000	-6,97336308269607E+001	-6,97336308269607E+001	2,98979433280444E-005	 8,08235984660733E+001	-1,88049947574403E+001	8,08235984660733E+001	-6,78614818126534E+000	-1,76484866618701E+002	1,48326226189863E+002
           Plate\_2\_3	 8784	           1	 7,50000000000000E+000	-1,16666666666667E+000	-6,96222434724269E+001	-6,96222434724269E+001	2,99361087458120E-005	 8,05402496146199E+001	-1,91113798517620E+001	8,05402496146199E+001	-6,78614818126533E+000	-1,76484866618701E+002	1,48326226189863E+002
  Element 9-17 (Plate)	 8781	           2	 7,50000000000000E+000	-1,37500000000000E+000	-7,33927554553586E+001	-7,33927554553586E+001	3,03867965107412E-005	 9,77355018833227E+001	-8,01085029576316E+000	9,77355018833227E+001	 1,17807069124366E+001	-1,79305580171647E+002	1,60848745265727E+002
                (ERSS)	 8782	           3	 7,50000000000000E+000	-1,58333333333333E+000	-7,69620208712743E+001	-7,69620208712743E+001	3,07348847787052E-005	 1,14843332329431E+002	 0,00000000000000E+000	1,14843332329431E+002	 3,39323517006380E+001	-1,79830758588112E+002	1,72855605949034E+002
                      	 8783	           4	 7,50000000000000E+000	-1,79166666666667E+000	-8,03255866954597E+001	-8,03255866954597E+001	3,09844988019939E-005	 1,31846511646789E+002	-2,63615610278205E-006	1,31846511646789E+002	 5,96358907054042E+001	-1,78059767222115E+002	1,84449416931143E+002
                      	 8800	           5	 7,50000000000000E+000	-2,00000000000000E+000	-8,34789999032004E+001	-8,34789999032004E+001	3,11397638328973E-005	 1,48727810529240E+002	-1,09463170564201E-005	1,48727810529240E+002	 8,88584969801430E+001	-1,73982905045210E+002	1,95748346838799E+002
           Plate\_1\_4	   66	           1	-7,50000000000000E+000	-2,00000000000000E+000	-8,28128068667160E+001	-8,28128068667160E+001	3,14815377162033E-005	-1,47137701729801E+002	-1,47137701729801E+002	1,66080098747388E-005	-9,04286142171919E+001	-1,97375489600717E+002	1,74112694409208E+002
 Element 10-18 (Plate)	   69	           2	-7,50000000000000E+000	-2,12500000000000E+000	-8,58659816828448E+001	-8,58659816828448E+001	3,23747110471971E-005	-1,58287995627817E+002	-1,58287995627817E+002	6,92001531439694E-005	-1,09475252069208E+002	-2,03095341504470E+002	1,70590168608276E+002
                (ERSS)	   68	           3	-7,50000000000000E+000	-2,25000000000000E+000	-9,02145338884078E+001	-9,02145338884078E+001	5,33039875197524E+000	-1,72334165880183E+002	-1,72334165880183E+002	2,03315784406131E+000	-1,30127025033983E+002	-2,06869732026742E+002	1,66295347138527E+002
                      	   67	           4	-7,50000000000000E+000	-2,37500000000000E+000	-9,55222484772368E+001	-9,55222484772368E+001	1,03143634361930E+001	-1,88556150131530E+002	-1,88556150131530E+002	1,30344055807964E+001	-1,52659360643442E+002	-2,08608119319764E+002	1,61201015030380E+002
                      	   80	           5	-7,50000000000000E+000	-2,50000000000000E+000	-1,01452910443163E+002	-1,01476815215653E+002	1,50497841916181E+001	-2,06233886026492E+002	-2,06256437627843E+002	2,39428124859757E+001	-1,77320871983885E+002	-2,08241439009808E+002	1,55278281720243E+002
           Plate\_2\_4	 8800	           1	 7,50000000000000E+000	-2,00000000000000E+000	-8,31354236929993E+001	-8,31354236929993E+001	3,12405532378770E-005	 1,48047007764419E+002	-1,75836277253386E-005	1,48047007764419E+002	 8,88584969801430E+001	-1,73982905045210E+002	1,95748346838799E+002
 Element 13-21 (Plate)	 8801	           2	 7,50000000000000E+000	-2,12500000000000E+000	-8,65308778264022E+001	-8,65308778264022E+001	3,20838894584596E-005	 1,59936631484692E+002	-7,02239475607264E-005	1,59936631484692E+002	 1,08073407733708E+002	-1,70468504942333E+002	2,01421393810980E+002
                (ERSS)	 8802	           3	 7,50000000000000E+000	-2,25000000000000E+000	-9,10386679368384E+001	-9,10386679368384E+001	4,97930797140679E+000	 1,74331879105772E+002	-2,36928622762137E+000	1,74331879105772E+002	 1,28949900718753E+002	-1,66176708714298E+002	2,05141110417399E+002
                      	 8803	           4	 7,50000000000000E+000	-2,37500000000000E+000	-9,65145282900311E+001	-9,65145282900311E+001	9,70668228489696E+000	 1,90921809155864E+002	-1,31898546972565E+001	1,90921809155864E+002	 1,51757845797963E+002	-1,61072122893393E+002	2,07027570314734E+002
                      	 8804	           5	 7,50000000000000E+000	-2,50000000000000E+000	-1,02814193151703E+002	-1,02814193151703E+002	1,41919310635203E+001	 2,09395480163173E+002	-2,45273856995393E+001	2,09395480163173E+002	 1,76755899999414E+002	-1,55115308525646E+002	2,07278390102339E+002
           Plate\_1\_5	   80	           1	-7,50000000000000E+000	-2,50000000000000E+000	-1,00721811350331E+002	-1,00746102768321E+002	1,55435445584022E+001	 2,88428849258959E+002	-6,11579908256734E+001	2,89210855507302E+002	-1,77320871983885E+002	-2,08241439009808E+002	1,55278281720243E+002
 Element 14-22 (Plate)	   83	           2	-7,50000000000000E+000	-2,75000000000000E+000	-1,11272563239782E+002	-1,11290316438451E+002	2,29201412442731E+001	 2,55474039478110E+002	-6,85931679756814E+001	2,56244808060242E+002	-1,09340842527991E+002	-2,02058387357358E+002	1,40695046038219E+002
                (ERSS)	   82	           3	-7,50000000000000E+000	-3,00000000000000E+000	-1,21362821018685E+002	-1,21362821018685E+002	2,90086937631342E+001	 2,22968291076966E+002	-8,01740189880030E+001	2,24311109268910E+002	-4,95600420878980E+001	-1,89241376362782E+002	1,22600378581231E+002
                      	   81	           4	-7,50000000000000E+000	-3,25000000000000E+000	-1,30641674367692E+002	-1,30641674367692E+002	3,38211921280930E+001	 1,91666850689621E+002	-9,64477853178167E+001	1,94746887379711E+002	 2,26937292616517E+000	-1,71062098356399E+002	1,02724669648978E+002
                      	  188	           5	-7,50000000000000E+000	-3,50000000000000E+000	-1,38758212967456E+002	-1,38758212967456E+002	3,73696263522570E+001	 1,62324964950170E+002	-1,14959449388473E+002	1,68664893815168E+002	 4,64501842701488E+001	-1,60787721839846E+002	9,78521009320465E+001
           Plate\_2\_5	 8804	           1	 7,50000000000000E+000	-2,50000000000000E+000	-1,02308848881437E+002	-1,02308848881437E+002	1,44891554236714E+001	-2,84785945528021E+002	-2,85749119018736E+002	6,11634565013077E+001	 1,76755899999414E+002	-1,55115308525646E+002	2,07278390102339E+002
 Element 17-25 (Plate)	 8642	           2	 7,50000000000000E+000	-2,75000000000000E+000	-1,12528461361926E+002	-1,12528461361926E+002	2,20449658375132E+001	-2,52518247413631E+002	-2,53463410936712E+002	6,85894002673495E+001	 1,09551457658380E+002	-1,40409856759407E+002	2,01615454360809E+002
                (ERSS)	 8643	           3	 7,50000000000000E+000	-3,00000000000000E+000	-1,22827471155351E+002	-1,22827471155351E+002	2,80849363706563E+001	-2,19548637199777E+002	-2,20818085124468E+002	8,05596188309315E+001	 5,05856406293246E+001	-1,22184539148409E+002	1,89316494695250E+002
                      	 8644	           4	 7,50000000000000E+000	-3,25000000000000E+000	-1,32305941154656E+002	-1,32305941154656E+002	3,28155140692901E+001	-1,87803378261879E+002	-1,90199781542857E+002	9,67703458897097E+001	-3,50205075247459E-001	-1,02811641704657E+002	1,71578898703289E+002
                      	 9799	           5	 7,50000000000000E+000	-3,50000000000000E+000	-1,40063934252784E+002	-1,40063934252784E+002	3,64431459796041E+001	-1,59208733975360E+002	-1,65160200506891E+002	1,15464007594358E+002	-4,36088627741987E+001	-9,62722535624849E+001	1,60776974325916E+002
           Plate\_1\_6	  188	           1	-7,50000000000000E+000	-3,50000000000000E+000	-1,36169010757020E+002	-1,36169010757020E+002	4,03317928497430E+001	 1,67864519562303E+002	-1,18663366264921E+002	1,70773827001881E+002	 4,64501842701488E+001	-1,60787721839846E+002	9,78521009320465E+001
 Element 18-26 (Plate)	  191	           2	-7,50000000000000E+000	-3,87500000000000E+000	-1,53161213842539E+002	-1,53161213842539E+002	3,89848003837034E+001	 1,12532866318972E+002	-1,23684381935101E+002	1,34541357127289E+002	 9,82886185273676E+001	-1,57347931387006E+002	1,21029360796889E+002
                (ERSS)	  190	           3	-7,50000000000000E+000	-4,25000000000000E+000	-1,63642075397601E+002	-1,63642075397601E+002	3,74503156609274E+001	 6,99289687543663E+001	-1,23386457039271E+002	1,05406905378999E+002	 1,32654256664348E+002	-1,59485756366087E+002	1,66027518628275E+002
                      	  189	           4	-7,50000000000000E+000	-4,62500000000000E+000	-1,72410385901602E+002	-1,72410385901602E+002	3,57511829795831E+001	 2,98265536720442E+001	-1,18453914652087E+002	8,12989311802042E+001	 1,51059983048043E+002	-1,62951796219039E+002	2,00264473154444E+002
                      	  416	           5	-7,50000000000000E+000	-5,00000000000000E+000	-1,84264935833938E+002	-1,84264935833938E+002	4,01085665993626E+001	-1,80006521244352E+001	-1,10407098752452E+002	7,74527807091294E+001	 1,53844787030549E+002	-1,68315206385771E+002	2,24101568121483E+002
           Plate\_2\_6	 9799	           1	 7,50000000000000E+000	-3,50000000000000E+000	-1,38119397901200E+002	-1,38119397901200E+002	3,93919899338932E+001	-1,63347307391742E+002	-1,65736049213202E+002	1,18280385471828E+002	-4,36088627741987E+001	-9,62722535624849E+001	1,60776974325916E+002
 Element 21-29 (Plate)	 9800	           2	 7,50000000000000E+000	-3,87500000000000E+000	-1,53952418669625E+002	-1,53952418669625E+002	3,81204325987477E+001	-1,10531087441646E+002	-1,33456982506976E+002	1,24887820095806E+002	-9,42792714624815E+001	-1,20782411466899E+002	1,57060679655425E+002
                (ERSS)	 9801	           3	 7,50000000000000E+000	-4,25000000000000E+000	-1,63982030686977E+002	-1,63982030686977E+002	3,66387088501262E+001	-6,88954552546139E+001	-1,06055454919536E+002	1,24069917909684E+002	-1,28114483983418E+002	-1,62828253900338E+002	1,59044331286611E+002
                      	 9802	           4	 7,50000000000000E+000	-4,62500000000000E+000	-1,72928790245112E+002	-1,72928790245112E+002	3,49735305653735E+001	-2,83938622326100E+001	-8,11723848645340E+001	1,17786113560388E+002	-1,46104483265890E+002	-1,97533137410303E+002	1,62407431892300E+002
                      	10469	           5	 7,50000000000000E+000	-5,00000000000000E+000	-1,85513253635892E+002	-1,85513253635892E+002	3,97136455919448E+001	 2,10202402224023E+001	-7,76658174548659E+001	1,07995841694840E+002	-1,48085933923097E+002	-2,22144999199246E+002	1,66262183883502E+002
           Plate\_1\_7	  416	           1	-7,50000000000000E+000	-5,00000000000000E+000	-1,81774261125712E+002	-1,81774261125712E+002	4,09017038929366E+001	-1,27101907111436E+001	-1,08898270164973E+002	7,85398776498060E+001	 1,53844787030548E+002	-1,68315206385771E+002	2,24101568121483E+002
 Element 22-30 (Plate)	  419	           2	-7,50000000000000E+000	-5,13750000000000E+000	-1,85102802372707E+002	-1,85102802372707E+002	4,55939766530369E+001	-2,83763037510786E+001	-1,03233592651134E+002	7,92334119574796E+001	 1,51032284119488E+002	-1,69463992822479E+002	2,30169189333849E+002
                (ERSS)	  418	           3	-7,50000000000000E+000	-5,27500000000000E+000	-1,88819299605106E+002	-1,88819299605106E+002	4,94429544003687E+001	-4,50320012864432E+001	-9,97700527749494E+001	8,18123414910688E+001	 1,45995197520783E+002	-1,70342895977704E+002	2,34771133677013E+002
                      	  417	           4	-7,50000000000000E+000	-5,41250000000000E+000	-1,92929434731441E+002	-1,92929434731441E+002	5,25703970441038E+001	-6,26831746368344E+001	-9,63266606506662E+001	8,20272438596854E+001	 1,38600020339358E+002	-1,70016652759444E+002	2,37886544753670E+002
                      	  493	           5	-7,50000000000000E+000	-5,55000000000000E+000	-1,97438889660245E+002	-1,97438889660245E+002	5,67733040469499E+001	-8,13357151218495E+001	-9,13969576988314E+001	8,50248742117465E+001	 1,28712227092999E+002	-1,74341870621914E+002	2,39495531794659E+002
           Plate\_2\_7	10469	           1	 7,50000000000000E+000	-5,00000000000000E+000	-1,82683094003945E+002	-1,82683094003945E+002	4,04418044635754E+001	 1,49956370804380E+001	-7,85081729144841E+001	1,07686535322118E+002	-1,48085933923097E+002	-2,22144999199246E+002	1,66262183883503E+002
 Element 25-33 (Plate)	10470	           2	 7,50000000000000E+000	-5,13750000000000E+000	-1,85191914827200E+002	-1,85191914827200E+002	4,51564240251385E+001	 2,89269436820779E+001	-7,92537088094264E+001	1,02547247636776E+002	-1,45076810874192E+002	-2,28545333944416E+002	1,67388119101521E+002
                (ERSS)	10471	           3	 7,50000000000000E+000	-5,27500000000000E+000	-1,88156791862566E+002	-1,88156791862566E+002	4,90154612472006E+001	 4,39934919874031E+001	-8,16818174470434E+001	1,01326667494299E+002	-1,40080531616398E+002	-2,33508098550799E+002	1,68520485374394E+002
                      	10472	           4	 7,50000000000000E+000	-5,41250000000000E+000	-1,91715747690594E+002	-1,91715747690594E+002	5,25774762967114E+001	 6,04829710202699E+001	-8,18417673706548E+001	9,81206350628455E+001	-1,32910622010564E+002	-2,37006031678832E+002	1,69106573307099E+002
                      	10488	           5	 7,50000000000000E+000	-5,55000000000000E+000	-1,96006804891835E+002	-1,96006804891835E+002	5,67605983120988E+001	 7,86830698045342E+001	-8,46555387360919E+001	8,84812316130301E+001	-1,23367841487440E+002	-2,39013132061417E+002	1,74026869363399E+002
           Plate\_1\_8	  493	           1	-7,50000000000000E+000	-5,55000000000000E+000	-1,97339649560880E+002	-1,97339649560880E+002	5,67049493887807E+001	-8,11281153340302E+001	-8,97453832924310E+001	8,49817955254087E+001	 1,28712227092999E+002	-1,74341870621914E+002	2,39495531794659E+002
 Element 27-49 (Plate)	  496	           2	-7,50000000000000E+000	-5,66250000000000E+000	-2,00942072412580E+002	-2,00942072412580E+002	5,98076859906394E+001	-9,63196330938283E+001	-9,63196330938283E+001	8,45244902856059E+001	 1,18736836729263E+002	-1,79275946347222E+002	2,39681988497140E+002
                (ERSS)	  495	           3	-7,50000000000000E+000	-5,77500000000000E+000	-2,04674771401390E+002	-2,04674771401390E+002	6,33207182585851E+001	-1,11899093570580E+002	-1,11899093570580E+002	8,71957120323830E+001	 1,07025228233322E+002	-1,84471050815245E+002	2,38835409805367E+002
                      	  494	           4	-7,50000000000000E+000	-5,88750000000000E+000	-2,08545851916039E+002	-2,08545851916039E+002	6,73367310876735E+001	-1,27878333808795E+002	-1,27878333808795E+002	8,80504322050792E+001	 9,35387383190473E+001	-1,89622621024517E+002	2,36947327414912E+002
                      	  881	           5	-7,50000000000000E+000	-6,00000000000000E+000	-2,12563419345255E+002	-2,12563419345255E+002	7,08362633970255E+001	-1,44269190852986E+002	-1,44269190852986E+002	8,91925040988587E+001	 7,82377170165038E+001	-1,94566135252983E+002	2,34005250954157E+002
           Plate\_2\_8	10488	           1	 7,50000000000000E+000	-5,55000000000000E+000	-1,95924693935917E+002	-1,95924693935917E+002	5,66967826282475E+001	 7,85120068242838E+001	-8,46420321853521E+001	8,77883333160877E+001	-1,23367841487440E+002	-2,39013132061417E+002	1,74026869363399E+002
 Element 30-52 (Plate)	10489	           2	 7,50000000000000E+000	-5,66250000000000E+000	-1,99604924413139E+002	-1,99604924413139E+002	5,99313242758039E+001	 9,38797096038384E+001	-8,41558172126200E+001	9,38797096038384E+001	-1,13680605350344E+002	-2,39532618851247E+002	1,80141370259221E+002
                (ERSS)	10490	           3	 7,50000000000000E+000	-5,77500000000000E+000	-2,03602955590853E+002	-2,03602955590853E+002	6,30094261379074E+001	 1,10034962534819E+002	-8,68605936350465E+001	1,10034962534819E+002	-1,02214771247442E+002	-2,39025727423230E+002	1,85458289405881E+002
                      	10491	           4	 7,50000000000000E+000	-5,88750000000000E+000	-2,07923481036267E+002	-2,07923481036267E+002	6,70297100734868E+001	 1,26982364834743E+002	-8,74334003962059E+001	1,26982364834743E+002	-8,88873274127297E+001	-2,37481571414695E+002	1,90011332004985E+002
                      	10492	           5	 7,50000000000000E+000	-6,00000000000000E+000	-2,12571194316588E+002	-2,12571194316588E+002	7,06349787586906E+001	 1,44726515721126E+002	-8,84947299214520E+001	1,44726515721126E+002	-7,36144951576939E+001	-2,34889752880946E+002	1,93785081136870E+002
           Plate\_1\_9	  881	           1	-7,50000000000000E+000	-6,00000000000000E+000	-2,12039345475901E+002	-2,12039345475901E+002	7,16175285529978E+001	 1,52956154753885E+002	-7,14450665845569E+001	1,52956154753885E+002	 7,82377170165038E+001	-1,94566135252983E+002	2,34005250954157E+002
 Element 31-53 (Plate)	  884	           2	-7,50000000000000E+000	-6,25000000000000E+000	-2,16752011486945E+002	-2,16752011486945E+002	7,81716619025902E+001	 1,25143968460641E+002	-7,56841860236385E+001	1,25143968460641E+002	 1,12895884052650E+002	-2,00485677741123E+002	2,23674813612073E+002
                (ERSS)	  883	           3	-7,50000000000000E+000	-6,50000000000000E+000	-2,19623705671458E+002	-2,19623705671458E+002	8,48649980732420E+001	 1,00725128217005E+002	-8,55820616335291E+001	1,00725128217005E+002	 1,41108009135213E+002	-2,02120426142226E+002	2,08001716335743E+002
                      	  882	           4	-7,50000000000000E+000	-6,75000000000000E+000	-2,21240085523050E+002	-2,21240085523050E+002	9,13920616911464E+001	 7,84631238581539E+001	-1,02774083226447E+002	9,13429742331867E+001	 1,63449726990250E+002	-1,97343942493081E+002	1,89050038689058E+002
                      	 1868	           5	-7,50000000000000E+000	-7,00000000000000E+000	-2,22186808535335E+002	-2,22186808535335E+002	9,67887287757033E+001	 5,71214452192604E+001	-1,22136119013139E+002	9,32383652569280E+001	 1,80400544494094E+002	-1,86539057159427E+002	1,82092309335945E+002
           Plate\_2\_9	10492	           1	 7,50000000000000E+000	-6,00000000000000E+000	-2,09793321299689E+002	-2,09793321299689E+002	7,13638599585845E+001	-1,57303107912154E+002	-1,57303107912154E+002	7,27997492030073E+001	-7,36144951576939E+001	-2,34889752880946E+002	1,93785081136870E+002
 Element 34-56 (Plate)	10136	           2	 7,50000000000000E+000	-6,25000000000000E+000	-2,14830197746714E+002	-2,14830197746714E+002	7,84879232877575E+001	-1,28777278363032E+002	-1,28777278363032E+002	7,65097925925923E+001	-1,09259223454821E+002	-2,25325267963266E+002	1,97972678956106E+002
                (ERSS)	10137	           3	 7,50000000000000E+000	-6,50000000000000E+000	-2,17850285594080E+002	-2,17850285594080E+002	8,58387218358267E+001	-1,04018474990605E+002	-1,04018474990605E+002	8,78443652095985E+001	-1,38334536881702E+002	-2,10388373664798E+002	1,98946841986683E+002
                      	10138	           4	 7,50000000000000E+000	-6,75000000000000E+000	-2,19504738739087E+002	-2,19504738739087E+002	9,17411616399180E+001	-8,16512026394330E+001	-9,10258959456482E+001	1,04344852018362E+002	-1,61479667744738E+002	-1,90788314960200E+002	1,93783691649207E+002
                      	10135	           5	 7,50000000000000E+000	-7,00000000000000E+000	-2,20444711079039E+002	-2,20444711079039E+002	9,58539526130850E+001	-6,02999661540796E+001	-9,41821799523498E+001	1,22734584123995E+002	-1,79227112013789E+002	-1,79747528175760E+002	1,82691290262182E+002
          Plate\_1\_10	 1868	           1	-7,50000000000000E+000	-7,00000000000000E+000	-2,22453515301244E+002	-2,22453515301244E+002	9,96811208689658E+001	 5,65429396748466E+001	-1,18345874731392E+002	9,91130139783857E+001	 1,80400544494094E+002	-1,86539057159427E+002	1,82092309335945E+002
 Element 35-57 (Plate)	 1871	           2	-7,50000000000000E+000	-7,38750000000000E+000	-2,24717029817559E+002	-2,24717029817559E+002	1,06718815116202E+002	 2,07509548751502E+001	-1,38629928417172E+002	9,65671265958082E+001	 1,95403920714021E+002	-1,71187692743482E+002	1,95403920714021E+002
                (ERSS)	 1870	           3	-7,50000000000000E+000	-7,77500000000000E+000	-2,26861742222707E+002	-2,26861742222707E+002	1,16750018485196E+002	-1,60417800162494E+001	-1,50046255160161E+002	1,02125442808448E+002	 1,96350258699817E+002	-1,59042029460966E+002	1,96350258699817E+002
                      	 1869	           4	-7,50000000000000E+000	-8,16250000000000E+000	-2,28940105085277E+002	-2,28940105085277E+002	1,19581002706095E+002	-5,39232163402381E+001	-1,56719560321436E+002	9,52910349727621E+001	 1,82828119697730E+002	-1,59724666985468E+002	1,82828119697730E+002
                      	 1888	           5	-7,50000000000000E+000	-8,55000000000000E+000	-2,31004570973857E+002	-2,31004570973857E+002	1,15343784521667E+002	-9,29813054377020E+001	-1,64040348577569E+002	8,13635472653509E+001	 1,54410943682710E+002	-1,66070544404705E+002	1,54410943682710E+002
          Plate\_2\_10	10135	           1	 7,50000000000000E+000	-7,00000000000000E+000	-2,20597019708420E+002	-2,20597019708420E+002	9,86633330176983E+001	-5,99688152071361E+001	-9,91939173177795E+001	1,19789403187213E+002	-1,79227112013789E+002	-1,79747528175760E+002	1,82691290262182E+002
 Element 38-60 (Plate)	10118	           2	 7,50000000000000E+000	-7,38750000000000E+000	-2,22821198847660E+002	-2,22821198847660E+002	1,08596505471093E+002	-2,42220179997691E+001	-9,73753698587005E+001	1,33063302977860E+002	-1,95567660663013E+002	-1,95567660663013E+002	1,68302551935827E+002
                (ERSS)	10119	           3	 7,50000000000000E+000	-7,77500000000000E+000	-2,24931555411309E+002	-2,24931555411309E+002	1,17770285619989E+002	 1,25370386811038E+001	-1,01362400031394E+002	1,45877719201025E+002	-1,97864865275984E+002	-1,97864865275984E+002	1,58843284400556E+002
                      	10120	           4	 7,50000000000000E+000	-8,16250000000000E+000	-2,26968836564507E+002	-2,26968836564507E+002	1,19825278587582E+002	 5,03713292339545E+001	-9,42107046302636E+001	1,53484229833177E+002	-1,85710400535886E+002	-1,85710400535886E+002	1,53192464144511E+002
                      	10285	           5	 7,50000000000000E+000	-8,55000000000000E+000	-2,28973789472394E+002	-2,28973789472394E+002	1,15495143337681E+002	 8,93438280572543E+001	-8,01831691873213E+001	1,58760985224873E+002	-1,58683774899418E+002	-1,58683774899418E+002	1,68398596349932E+002
          Plate\_1\_11	 1888	           1	-7,50000000000000E+000	-8,55000000000000E+000	-2,30984719418889E+002	-2,30984719418889E+002	1,17269508616524E+002	-9,29485901679203E+001	-1,59736830956683E+002	8,18760271926384E+001	 1,54410943682710E+002	-1,66070544404705E+002	1,54410943682710E+002
 Element 40-71 (Plate)	 1891	           2	-7,50000000000000E+000	-8,72500000000000E+000	-2,31929392585288E+002	-2,31929392585288E+002	1,16448606644791E+002	-1,11012306417793E+002	-1,61807879806746E+002	7,78975431931376E+001	 1,36572186519811E+002	-1,74918404786811E+002	1,36572186519811E+002
                (ERSS)	 1890	           3	-7,50000000000000E+000	-8,90000000000000E+000	-2,32858348539197E+002	-2,32858348539197E+002	1,15524505450205E+002	-1,29301920958307E+002	-1,59682119916530E+002	7,55197346303934E+001	 1,15542343911242E+002	-1,86116198703231E+002	1,15542343911242E+002
                      	 1889	           4	-7,50000000000000E+000	-9,07500000000000E+000	-2,33776915071657E+002	-2,33776915071657E+002	1,14501595262573E+002	-1,47817261195038E+002	-1,64120596284249E+002	7,52568536193603E+001	 9,12928949758594E+001	-1,98617782957106E+002	9,12928949758594E+001
                      	 1908	           5	-7,50000000000000E+000	-9,25000000000000E+000	-2,34690419973710E+002	-2,34690419973710E+002	1,13384266311700E+002	-1,66558154533562E+002	-1,72228742990214E+002	7,46280252233169E+001	 6,37942743702820E+001	-2,11677926199540E+002	6,37942743702820E+001
          Plate\_2\_11	10285	           1	 7,50000000000000E+000	-8,55000000000000E+000	-2,28978024003436E+002	-2,28978024003436E+002	1,17323309642236E+002	 8,93591957745180E+001	-8,16974612075419E+001	1,62059385931183E+002	-1,58683774899417E+002	-1,58683774899417E+002	1,68398596349932E+002
 Element 41-72 (Plate)	10286	           2	 7,50000000000000E+000	-8,72500000000000E+000	-2,29888992811298E+002	-2,29888992811298E+002	1,16447667591736E+002	 1,07370277028375E+002	-7,78890147700285E+001	1,62887012460755E+002	-1,41478132990076E+002	-1,41478132990076E+002	1,71895960559638E+002
                (ERSS)	10287	           3	 7,50000000000000E+000	-8,90000000000000E+000	-2,30797515006447E+002	-2,30797515006447E+002	1,15476278230088E+002	 1,25631575017727E+002	-7,64462375811863E+001	1,59381053952718E+002	-1,21088363029547E+002	-1,21088363029547E+002	1,78953369603298E+002
                      	10288	           4	 7,50000000000000E+000	-9,07500000000000E+000	-2,31703860700544E+002	-2,31703860700544E+002	1,14414091313685E+002	 1,44132357271054E+002	-7,47245788365665E+001	1,59878588724527E+002	-9,74829572605694E+001	-9,74829572605694E+001	1,94580774889221E+002
                      	10525	           5	 7,50000000000000E+000	-9,25000000000000E+000	-2,32608300005249E+002	-2,32608300005249E+002	1,13266056598924E+002	 1,62861891316838E+002	-7,21494546722390E+001	1,71280289219935E+002	-7,06299279347917E+001	-7,06299279347917E+001	2,07910446789805E+002
          Plate\_1\_12	 1908	           1	-7,50000000000000E+000	-9,25000000000000E+000	-2,33972538548195E+002	-2,33972538548195E+002	1,13391359626263E+002	-1,65035764938691E+002	-1,70407276986536E+002	7,48432800239556E+001	 6,37942743702820E+001	-2,11677926199540E+002	6,37942743702820E+001
 Element 42-73 (Plate)	 1911	           2	-7,50000000000000E+000	-9,37500000000000E+000	-2,32255527799855E+002	-2,32255527799855E+002	1,12551520917759E+002	-1,74409670224970E+002	-1,74433702175844E+002	7,47569544994420E+001	 4,25276913012222E+001	-2,19741929696281E+002	4,25276913012222E+001
                (ERSS)	 1910	           3	-7,50000000000000E+000	-9,50000000000000E+000	-2,28698168107433E+002	-2,28698168107433E+002	1,11681623214112E+002	-1,80000655375634E+002	-1,80000655375634E+002	7,59470344142221E+001	 2,03604857978791E+001	-2,26067761270838E+002	2,03604857978791E+001
                      	 1909	           4	-7,50000000000000E+000	-9,62500000000000E+000	-2,24045998666162E+002	-2,24045998666162E+002	1,10783336681004E+002	-1,83384778393781E+002	-1,83384778393781E+002	7,79846113872855E+001	-2,39096933558442E+000	-2,30475144777759E+002	0,00000000000000E+000
                      	 2249	           5	-7,50000000000000E+000	-9,75000000000000E+000	-2,19044558671271E+002	-2,19044558671271E+002	1,09858331484115E+002	-1,86138097282506E+002	-1,86138097282506E+002	8,15646050579758E+001	-2,54705304902042E+001	-2,33225382482652E+002	0,00000000000000E+000
          Plate\_2\_12	10525	           1	 7,50000000000000E+000	-9,25000000000000E+000	-2,32006349738998E+002	-2,32006349738998E+002	1,13273237665146E+002	 1,61592269330252E+002	-7,27689078214263E+001	1,71253795089809E+002	-7,06299279347917E+001	-7,06299279347917E+001	2,07910446789805E+002
 Element 43-74 (Plate)	10526	           2	 7,50000000000000E+000	-9,37500000000000E+000	-2,29851521081865E+002	-2,29851521081865E+002	1,12417114355140E+002	 1,70047490717336E+002	-7,21234326319954E+001	1,73505767728793E+002	-4,98705554153656E+001	-4,98705554153656E+001	2,15368344105123E+002
                (ERSS)	10527	           3	 7,50000000000000E+000	-9,50000000000000E+000	-2,26334815405745E+002	-2,26334815405745E+002	1,11534589937972E+002	 1,75741574316359E+002	-7,54407112428196E+001	1,76553522889796E+002	-2,82382176944465E+001	-2,82382176944465E+001	2,20965125027327E+002
                      	10528	           4	 7,50000000000000E+000	-9,62500000000000E+000	-2,21816397933297E+002	-2,21816397933297E+002	1,10627318057381E+002	 1,79425824220248E+002	-7,90612650511014E+001	1,79425824220248E+002	-6,00870601918041E+000	-6,00870601918041E+000	2,24949701568659E+002
                      	10548	           5	 7,50000000000000E+000	-9,75000000000000E+000	-2,16656433887182E+002	-2,16656433887182E+002	1,09696952357104E+002	 1,81851544521930E+002	-8,02125977954567E+001	1,81851544521930E+002	 1,65710038028215E+001	 0,00000000000000E+000	2,26728614120705E+002
          Plate\_1\_13	 2249	           1	-7,50000000000000E+000	-9,75000000000000E+000	-2,18956804199299E+002	-2,18956804199299E+002	1,09860898149303E+002	-1,85957031650734E+002	-1,85957031650734E+002	8,14265224357124E+001	-2,54705304902042E+001	-2,33225382482652E+002	0,00000000000000E+000
 Element 44-75 (Plate)	 2248	           2	-7,50000000000000E+000	-9,81250000000000E+000	-2,16337514477358E+002	-2,16337514477358E+002	1,09392328651284E+002	-1,87090420044264E+002	-1,87090420044264E+002	8,31749531587568E+001	-3,71333537022261E+001	-2,34090033852744E+002	5,62954593507726E-008
                (ERSS)	 2247	           3	-7,50000000000000E+000	-9,87500000000000E+000	-2,13468908113894E+002	-2,13468908113894E+002	1,08921276057643E+002	-1,87661451476529E+002	-1,87661451476529E+002	8,48192535860156E+001	-4,88418896259520E+001	-2,34506900449841E+002	2,11044329838695E-007
                      	 2246	           4	-7,50000000000000E+000	-9,93750000000000E+000	-2,10780267593728E+002	-2,10780267593728E+002	1,08448459973797E+002	-1,88577805294710E+002	-1,88577805294710E+002	8,59859367879633E+001	-6,06036467469248E+001	-2,36023353856136E+002	3,50992976197873E-007
                      	 2270	           5	-7,50000000000000E+000	-1,00000000000000E+001	-2,08700875401683E+002	-2,08700875401683E+002	1,07974600005162E+002	-1,90747160845991E+002	-1,90747160845991E+002	8,66548291272545E+001	-7,24434394320819E+001	-2,39851276879260E+002	4,72108762623114E-007
          Plate\_2\_13	10548	           1	 7,50000000000000E+000	-9,75000000000000E+000	-2,17147409421174E+002	-2,17147409421174E+002	1,09699597265509E+002	 1,82893610408580E+002	-8,08931962740169E+001	1,82893610408580E+002	 1,65710038028215E+001	 0,00000000000000E+000	2,26728614120705E+002
 Element 45-76 (Plate)	10544	           2	 7,50000000000000E+000	-9,81250000000000E+000	-2,13920792571015E+002	-2,13920792571015E+002	1,09229394766796E+002	 1,82752887335426E+002	-8,17795871662659E+001	1,82752887335426E+002	 2,80024107139231E+001	-9,27154991722629E-008	2,26635553578647E+002
                (ERSS)	10545	           3	 7,50000000000000E+000	-9,87500000000000E+000	-2,10455367880837E+002	-2,10455367880837E+002	1,08757414402578E+002	 1,82065856632123E+002	-8,26368007241192E+001	1,82065856632123E+002	 3,94005559064453E+001	-2,48518375924131E-007	2,26174104787997E+002
                      	10546	           4	 7,50000000000000E+000	-9,93750000000000E+000	-2,07168288452322E+002	-2,07168288452322E+002	1,08284401800490E+002	 1,81718471878911E+002	-8,30186545124621E+001	1,81718471878911E+002	 5,07729745590811E+001	-3,89418135583888E-007	2,28400459169156E+002
                      	10547	           5	 7,50000000000000E+000	-1,00000000000000E+001	-2,04476707387155E+002	-2,04476707387155E+002	1,07811102588166E+002	 1,82596686656033E+002	-8,27618712736407E+001	1,82596686656033E+002	 6,21440680868470E+001	-5,11446390140980E-007	2,30720089226045E+002
          Plate\_1\_14	 2270	           1	-7,50000000000000E+000	-1,00000000000000E+001	-2,07813657540824E+002	-2,07813657540824E+002	1,07974583361516E+002	-1,88917117357744E+002	-1,88917117357744E+002	8,65281696365657E+001	-7,24434394320820E+001	-2,39851276879261E+002	4,72108746906340E-007
 Element 46-77 (Plate)	 2273	           2	-7,50000000000000E+000	-1,00625000000000E+001	-2,03763617053209E+002	-2,03763617053209E+002	1,07251881127427E+002	-1,86829988472973E+002	-1,86829988472973E+002	9,19815759985261E+001	-8,41684512766164E+001	-2,43054506923405E+002	5,62084935193748E-007
                (ERSS)	 2272	           3	-7,50000000000000E+000	-1,01250000000000E+001	-2,00250604429773E+002	-2,00250604429773E+002	1,06527048649561E+002	-1,85875295320630E+002	-1,85875295320630E+002	9,68846368704075E+001	-9,58264143441270E+001	-2,45247793068203E+002	6,17274029387363E-007
                      	 2271	           4	-7,50000000000000E+000	-1,01875000000000E+001	-1,96542651939229E+002	-1,96542651939229E+002	1,05800405407894E+002	-1,84468883915785E+002	-1,84468883915785E+002	1,01147651394131E+002	-1,07398827122764E+002	-2,46770907416936E+002	6,43653234948538E-007
                      	 3220	           5	-7,50000000000000E+000	-1,02500000000000E+001	-1,91907791850289E+002	-1,91907791850289E+002	1,05072270882403E+002	-1,81026600273503E+002	-1,81026600273503E+002	1,05423120916151E+002	-1,18836986904614E+002	-2,47851933373615E+002	6,47111919054171E-007
          Plate\_2\_14	10547	           1	 7,50000000000000E+000	-1,00000000000000E+001	-2,03468289848503E+002	-2,03468289848503E+002	1,07810804956821E+002	 1,80458557174476E+002	-8,25453792488241E+001	1,80458557174476E+002	 6,21440680868469E+001	-5,11446369334215E-007	2,30720089226045E+002
 Element 47-78 (Plate)	10330	           2	 7,50000000000000E+000	-1,00625000000000E+001	-1,99569438588821E+002	-1,99569438588821E+002	1,07089480715737E+002	 1,78703532036431E+002	-8,67128522381004E+001	1,78703532036431E+002	 7,33706398929469E+001	-6,01957806521380E-007	2,33499504259895E+002
                (ERSS)	10331	           3	 7,50000000000000E+000	-1,01250000000000E+001	-1,95492034867341E+002	-1,95492034867341E+002	1,06366744601024E+002	 1,76560220303490E+002	-9,12962126267336E+001	1,76560220303490E+002	 8,44716662681584E+001	-6,57343943128145E-007	2,36093159158748E+002
                      	10332	           4	 7,50000000000000E+000	-1,01875000000000E+001	-1,91531043082016E+002	-1,91531043082016E+002	1,05642901613245E+002	 1,74647021876267E+002	-9,62281402472707E+001	1,74647021876267E+002	 9,54505594448713E+001	-6,83631953612844E-007	2,37988981552808E+002
                      	10643	           5	 7,50000000000000E+000	-1,02500000000000E+001	-1,87981427630796E+002	-1,87981427630796E+002	1,04918256752962E+002	 1,73582336655373E+002	-1,02604794640694E+002	1,73582336655373E+002	 1,06322470277099E+002	-6,86759466895686E-007	2,39735123209509E+002
          Plate\_1\_15	 3220	           1	-7,50000000000000E+000	-1,02500000000000E+001	-1,92061680897257E+002	-1,92061680897257E+002	1,05071890723488E+002	-1,81362981513593E+002	-1,81362981513593E+002	1,05739322681905E+002	-1,18836986904614E+002	-2,47851933373615E+002	6,47111922285002E-007
 Element 48-79 (Plate)	 3223	           2	-7,50000000000000E+000	-1,03471228822834E+001	-1,82190971421177E+002	-1,82190971421177E+002	1,03934635139436E+002	-1,70263770945237E+002	-1,70263770945237E+002	1,12948195751678E+002	-1,35848994394243E+002	-2,49120982525716E+002	6,16365864602968E-007
                (ERSS)	 3222	           3	-7,50000000000000E+000	-1,04442457645668E+001	-1,74062944869041E+002	-1,74062944869041E+002	1,02791565930791E+002	-1,62787144890653E+002	-1,62787144890653E+002	1,20533373807159E+002	-1,52047254132967E+002	-2,49496613122461E+002	5,53129024803450E-007
                      	 3221	           4	-7,50000000000000E+000	-1,05413686468502E+001	-1,65969193893764E+002	-1,65969193893764E+002	1,01643647909098E+002	-1,55286911695399E+002	-1,55286911695399E+002	1,27945043114256E+002	-1,67476251770421E+002	-2,48997265556268E+002	4,66328763956901E-007
                      	 3366	           5	-7,50000000000000E+000	-1,06384915291337E+001	-1,56201311148265E+002	-1,56201311148265E+002	1,00491845885900E+002	-1,44116879705036E+002	-1,44116879705036E+002	1,34495563451259E+002	-1,82072300443927E+002	-2,46934561315802E+002	3,64721626271801E-007
          Plate\_1\_15	 3366	           1	-7,50000000000000E+000	-1,06384915291337E+001	-1,57293641525628E+002	-1,57293641525628E+002	1,00492038310773E+002	-1,44870257685212E+002	-1,44870257685212E+002	1,34657984054603E+002	-1,82072300443928E+002	-2,46934561315802E+002	3,64721617660164E-007
 Element 48-80 (Plate)	 3369	           2	-7,50000000000000E+000	-1,07419313894903E+001	-1,44664461019069E+002	-1,44664461019069E+002	9,92617804994211E+001	-1,26562254782359E+002	-1,26562254782359E+002	1,38950873666827E+002	-1,96149973980152E+002	-2,42821582818745E+002	2,46547241159323E-007
                (ERSS)	 3368	           3	-7,50000000000000E+000	-1,08453712498470E+001	-1,31908233049879E+002	-1,31908233049879E+002	9,80289244945641E+001	-1,04179551624554E+002	-1,04179551624554E+002	1,40982677664690E+002	-2,08109443887336E+002	-2,37444320106812E+002	1,23914317435005E-007
                      	 3367	           4	-7,50000000000000E+000	-1,09488111102037E+001	-1,18534527235409E+002	-1,18534527235409E+002	9,67945388651228E+001	-7,85212317959210E+001	-7,85212317959210E+001	1,40729503964827E+002	-2,17594709171199E+002	-2,36089548079731E+002	7,57834421588063E-010
                      	 4246	           5	-7,50000000000000E+000	-1,10522509705603E+001	-1,04052913193008E+002	-1,04052913193008E+002	9,60096559689284E+001	-5,03863788805807E+001	-5,03863788805807E+001	1,40276283857684E+002	-2,24274148877401E+002	-2,33656306199123E+002	0,00000000000000E+000
          Plate\_1\_15	 4246	           1	-7,50000000000000E+000	-1,10522509705603E+001	-1,03488452524294E+002	-1,03488452524294E+002	9,60124205524597E+001	-5,02277770659948E+001	-5,02277770659948E+001	1,40566462925928E+002	-2,24274148877401E+002	-2,33656306199122E+002	0,00000000000000E+000
 Element 48-81 (Plate)	 4247	           2	-7,50000000000000E+000	-1,11624186721261E+001	-9,20985805128752E+001	-9,20985805128752E+001	9,53621707833331E+001	-3,50612833059956E+001	-3,50612833059956E+001	1,37812796665680E+002	-2,28916955656965E+002	-2,29974003484342E+002	0,00000000000000E+000
                (ERSS)	 4248	           3	-7,50000000000000E+000	-1,12725863736919E+001	-8,21106524477849E+001	-8,21106524477849E+001	9,46722255032056E+001	-2,30731165660263E+001	-2,30731165660263E+001	1,37804073316355E+002	-2,32132425908503E+002	-2,32132425908503E+002	0,00000000000000E+000
                      	 4249	           4	-7,50000000000000E+000	-1,13827540752577E+001	-7,22511602770550E+001	-7,22511602770550E+001	9,39813238452141E+001	-1,15965945213015E+001	-1,15965945213015E+001	1,40135050325686E+002	-2,34020733809016E+002	-2,34020733809016E+002	0,00000000000000E+000
                      	 4288	           5	-7,50000000000000E+000	-1,14929217768235E+001	-6,12465959487178E+001	-6,12465959487178E+001	9,57609738532660E+001	 2,03496515296438E+000	-7,92087967099120E-007	1,44477125941873E+002	-2,34592089010354E+002	-2,34592089010354E+002	0,00000000000000E+000
          Plate\_1\_15	 4288	           1	-7,50000000000000E+000	-1,14929217768235E+001	-6,17870299021480E+001	-6,17870299021480E+001	9,58989011392516E+001	 8,69789740592045E-001	-7,94687712705919E-007	1,44072612360839E+002	-2,34592089010353E+002	-2,34592089010353E+002	0,00000000000000E+000
 Element 48-82 (Plate)	 4289	           2	-7,50000000000000E+000	-1,16102549057202E+001	-5,10160414440215E+001	-5,10160414440215E+001	9,71581865364045E+001	 1,32554421880904E+001	-6,87380745092450E-007	1,45252854371737E+002	-2,33663041562501E+002	-2,33663041562501E+002	0,00000000000000E+000
                (ERSS)	 4290	           3	-7,50000000000000E+000	-1,17275880346170E+001	-4,35794357806816E+001	-4,70712726116873E+001	9,79811713922944E+001	 1,86641455227524E+001	-5,83208735999295E-007	1,43384709903090E+002	-2,31775804500140E+002	-2,31775804500140E+002	0,00000000000000E+000
                      	 4291	           4	-7,50000000000000E+000	-1,18449211635137E+001	-3,79645488187120E+001	-4,67444896847617E+001	9,81568889383165E+001	 2,03292634154377E+001	-4,82777959859185E-007	1,39413844468191E+002	-2,29428520917276E+002	-2,29428520917276E+002	3,31943629075671E-003
                      	 5306	           5	-7,50000000000000E+000	-1,19622542924104E+001	-3,26587164646959E+001	-4,64062310246102E+001	9,79336981458290E+001	 2,14841595370058E+001	-3,86694691104851E-007	1,37433691007880E+002	-2,27003567030117E+002	-2,27003567030117E+002	5,15387346639858E-001
          Plate\_1\_15	 5306	           1	-7,50000000000000E+000	-1,19622542924104E+001	-3,18365622460005E+001	-4,64057360729653E+001	9,80337882025750E+001	 2,13850308180435E+001	-3,87424792118680E-007	1,37537590783535E+002	-2,27003567030117E+002	-2,27003567030117E+002	5,15387346639976E-001
 Element 48-83 (Plate)	 5307	           2	-7,50000000000000E+000	-1,20872188958380E+001	-2,07215776332167E+001	-4,60319511798237E+001	9,82807565632408E+001	 4,28538123553368E+001	-2,93144765098227E-007	1,36119744685927E+002	-2,22961181380465E+002	-2,22961181380465E+002	1,02543469145043E+000
                (ERSS)	 5308	           3	-7,50000000000000E+000	-1,22121834992655E+001	-1,07041322249939E+001	-4,56431569011294E+001	9,86253886440961E+001	 6,06452114453198E+001	-2,07447373632377E-007	1,34809603136534E+002	-2,16439940411384E+002	-2,16439940411384E+002	1,54535617958871E+000
                      	 5309	           4	-7,50000000000000E+000	-1,23371481026931E+001	-1,71125074934432E+000	-4,52395411751500E+001	9,89828552708223E+001	 7,39727929957146E+001	-1,30441690259123E-007	1,31035699622132E+002	-2,07986508566033E+002	-2,07986508566033E+002	1,97007527957197E+000
                      	 5336	           5	-7,50000000000000E+000	-1,24621127061207E+001	 6,33004206571996E+000	-4,48212919401532E+001	9,92849890674148E+001	 8,20501219142434E+001	-6,22367875164637E-008	1,24742268017095E+002	-1,98176867741429E+002	-1,98176867741429E+002	2,36892807148107E+000
          Plate\_1\_15	 5336	           1	-7,50000000000000E+000	-1,24621127061207E+001	 6,52381205275396E+000	-4,48206898532977E+001	9,92566411299093E+001	 8,30666302655009E+001	-6,19963142533444E-008	1,25371598782272E+002	-1,98176867741429E+002	-1,98176867741429E+002	2,36892807148100E+000
 Element 48-84 (Plate)	 5337	           2	-7,50000000000000E+000	-1,25952051434966E+001	 1,74880890424454E+001	-4,43580812596127E+001	9,93663960360727E+001	 9,79781133829005E+001	 0,00000000000000E+000	1,22780656394557E+002	-1,86121913206858E+002	-1,86121913206858E+002	2,80403754756200E+000
                (ERSS)	 5338	           3	-7,50000000000000E+000	-1,27282975808726E+001	 2,73537159317715E+001	-4,38764585947499E+001	9,93353669349629E+001	 1,10030448109160E+002	-2,11381862763651E-001	1,25804768348729E+002	-1,72208501212194E+002	-1,72208501212194E+002	3,18428283656953E+000
                      	 5339	           4	-7,50000000000000E+000	-1,28613900182485E+001	 3,53341196261515E+001	-4,33760521027196E+001	9,92022451506964E+001	 1,17334689978759E+002	-5,05301969440154E-001	1,27670853500571E+002	-1,57037235111376E+002	-1,57037235111376E+002	3,52227873011589E+000
                      	 6508	           5	-7,50000000000000E+000	-1,29944824556244E+001	 4,06427270310047E+001	-4,28570920275321E+001	9,89334853784239E+001	 1,18001894526175E+002	-7,92431121037566E-001	1,26042855243071E+002	-1,41284922081949E+002	-1,41284922081949E+002	3,80633616762236E+000
          Plate\_1\_15	 6508	           1	-7,50000000000000E+000	-1,29944824556244E+001	 3,99712572072140E+001	-4,28563158711056E+001	9,89381773062655E+001	 1,16896056238688E+002	-8,11553560665520E-001	1,26323338321344E+002	-1,41284922081949E+002	-1,41284922081949E+002	3,80633616762244E+000
 Element 48-85 (Plate)	 6509	           2	-7,50000000000000E+000	-1,31362313701235E+001	 4,47850290914298E+001	-4,22818695763753E+001	9,85102848530702E+001	 1,16601146783022E+002	-1,08215260649971E+000	1,20588983053413E+002	-1,24725613693627E+002	-1,24725613693627E+002	4,03842584781786E+000
                (ERSS)	 6510	           3	-7,50000000000000E+000	-1,32779802846226E+001	 4,86597696035436E+001	-4,16832550872628E+001	9,79435593903160E+001	 1,14500125601812E+002	-1,33546440700938E+000	1,15347387631381E+002	-1,08309401320061E+002	-1,08309401320061E+002	4,20700312027180E+000
                      	 6511	           4	-7,50000000000000E+000	-1,34197291991216E+001	 5,13220897595524E+001	-4,10607456971221E+001	9,72394364816113E+001	 1,10001387173382E+002	-1,59799303631523E+000	1,10001387173382E+002	-9,23708050872058E+001	-9,23708050872058E+001	4,31757495985892E+000
                      	 6532	           5	-7,50000000000000E+000	-1,35614781136207E+001	 5,24986005754532E+001	-4,04146146993072E+001	9,64868272706436E+001	 1,02513325976058E+002	-1,80349323605403E+000	1,02513325976058E+002	-7,72700576060097E+001	-7,72700576060097E+001	4,30479791186286E+000
          Plate\_1\_15	 6532	           1	-7,50000000000000E+000	-1,35614781136207E+001	 5,28259357770400E+001	-4,04135613580320E+001	9,64891163402541E+001	 1,02765672793743E+002	-1,83559033864219E+000	1,02765672793743E+002	-7,72700576060097E+001	-7,72700576060097E+001	4,30479791186286E+000
 Element 48-86 (Plate)	 6533	           2	-7,50000000000000E+000	-1,37124465319458E+001	 5,51964507412586E+001	-3,96976560044962E+001	9,55724905686638E+001	 9,17919607888443E+001	-2,08818344098892E+000	9,17919607888443E+001	-6,25788384482552E+001	-6,25788384482552E+001	4,24423084136965E+000
                (ERSS)	 6534	           3	-7,50000000000000E+000	-1,38634149502708E+001	 5,75301500023479E+001	-3,89506803997734E+001	9,45019112783313E+001	 8,03921788902186E+001	-2,32329667251868E+000	8,03921788902186E+001	-4,95787307866248E+001	-4,95787307866248E+001	4,15348446195440E+000
                      	 6535	           4	-7,50000000000000E+000	-1,40143833685958E+001	 5,97216872161394E+001	-3,81729419971396E+001	9,32785445154703E+001	 6,87991916099697E+001	-2,49894571029468E+000	6,87991916099697E+001	-3,83095858943817E+001	-3,83095858943817E+001	4,32636344037001E+000
                      	 7778	           5	-7,50000000000000E+000	-1,41653517869209E+001	 6,16657160384644E+001	-3,73647482498708E+001	9,19035563262947E+001	 5,72458634602021E+001	-2,56341713634525E+000	5,72458634602021E+001	-2,88011079808950E+001	-2,88011079808950E+001	4,54064382134915E+000
          Plate\_1\_15	 7778	           1	-7,50000000000000E+000	-1,41653517869209E+001	 6,16220253355713E+001	-3,73632483227723E+001	9,19029271637381E+001	 5,75115890227489E+001	-2,59589196336963E+000	5,75115890227489E+001	-2,88011079808951E+001	-2,88011079808951E+001	4,54064382134916E+000
 Element 48-87 (Plate)	 7779	           2	-7,50000000000000E+000	-1,43261393556448E+001	 6,31790136966829E+001	-3,64665058769475E+001	9,02741065542661E+001	 4,65589215779113E+001	-2,55035471217634E+000	4,65589215779113E+001	-2,04537184654787E+001	-2,04537184654787E+001	4,65375288740334E+000
                (ERSS)	 7780	           3	-7,50000000000000E+000	-1,44869269243687E+001	 6,43320150000359E+001	-3,55290502510412E+001	8,84719484922869E+001	 3,69256410836873E+001	-2,46162698561649E+000	3,69256410836873E+001	-1,37588448547409E+001	-1,37588448547409E+001	4,66712158384796E+000
                      	 7781	           4	-7,50000000000000E+000	-1,46477144930926E+001	 6,50831850103581E+001	-3,45512014378458E+001	8,65043676559964E+001	 2,86229136111118E+001	-2,40086222825711E+000	2,86229136111118E+001	-8,50533233209656E+000	-8,50533233209656E+000	4,89234292233928E+000
                      	 9023	           5	-7,50000000000000E+000	-1,48085020618166E+001	 6,54346794923772E+001	-3,35332794301540E+001	8,44768927359607E+001	 2,16619052312196E+001	-2,49759667731679E+000	2,16619052312196E+001	-4,48195065120756E+000	-4,48195065120756E+000	5,00954199766284E+000
          Plate\_1\_15	 9023	           1	-7,50000000000000E+000	-1,48085020618166E+001	 6,54433649812084E+001	-3,35310362201981E+001	8,44736774709203E+001	 2,15885599006709E+001	-2,54543909510468E+000	2,15885599006709E+001	-4,48195065120756E+000	-4,48195065120756E+000	5,00954199766290E+000
 Element 48-88 (Plate)	 9024	           2	-7,50000000000000E+000	-1,49797474291787E+001	 6,54036929614908E+001	-3,23991598637693E+001	8,21083227761050E+001	 1,56093031124914E+001	-2,54296305955357E+000	1,56093031124914E+001	-1,31460289817410E+000	-1,31460289817410E+000	4,94109200921435E+000
                (ERSS)	 9025	           3	-7,50000000000000E+000	-1,51509927965408E+001	 6,49504290589454E+001	-3,12124734149701E+001	7,95193960283514E+001	 1,07761582677998E+001	-2,43605768113001E+000	1,07761582677998E+001	 9,29672999945968E-001	-3,16117734746089E-001	4,85372097335260E+000
                      	 9026	           4	-7,50000000000000E+000	-1,53222381639029E+001	 6,40857300437360E+001	-2,99712575684727E+001	7,67434267551795E+001	 7,04327334047487E+000	-2,23715096048036E+000	7,04327334047487E+000	 2,43975543866718E+000	-2,73181360278840E-001	4,78763941632595E+000
                      	 9149	           5	-7,50000000000000E+000	-1,54934835312651E+001	 6,28117526860265E+001	-2,86757930189494E+001	7,39099402462779E+001	 4,36479630439552E+000	-2,18148373037830E+000	4,36479630439552E+000	 3,40188965502996E+000	-2,10626321500320E-001	4,67579687533318E+000
          Plate\_1\_15	 9149	           1	-7,50000000000000E+000	-1,54934835312651E+001	 6,28137857524802E+001	-2,86722611463190E+001	7,39032499988468E+001	 4,23014145559866E+000	-2,24624855911868E+000	4,23014145559866E+000	 3,40188965502996E+000	-2,10626321500418E-001	4,67579687533319E+000
 Element 48-89 (Plate)	 9150	           2	-7,50000000000000E+000	-1,56758668838820E+001	 6,10210401893987E+001	-2,72271324385151E+001	7,05952942981432E+001	 2,21183953997050E+000	-2,01565413953194E+000	2,21183953997050E+000	 3,98031440451719E+000	-1,85242395192638E-001	4,64933363609779E+000
                (ERSS)	 9151	           3	-7,50000000000000E+000	-1,58582502364989E+001	 5,87762606013360E+001	-2,57055093476192E+001	6,69680501137809E+001	 7,35161986451497E-001	-1,76392116038224E+000	9,12460057603643E-001	 4,24200186858844E+000	-1,65463877616442E-001	4,59369404863451E+000
                      	 9152	           4	-7,50000000000000E+000	-1,60406335891158E+001	 5,60811433017990E+001	-2,41074973831950E+001	6,30220405724946E+001	-2,45305822261785E-001	-1,60914152011863E+000	1,12715595909907E+000	 4,27868956362836E+000	-1,53752081197307E-001	4,48792254435440E+000
                      	 9365	           5	-7,50000000000000E+000	-1,62230169417327E+001	 5,29373846042947E+001	-2,24332020548061E+001	5,87577888010191E+001	-7,74978503472778E-001	-1,43017049409205E+000	1,34916152783624E+000	 4,17951716532596E+000	-1,36897834943487E-001	4,29654747371458E+000
          Plate\_1\_15	 9365	           1	-7,50000000000000E+000	-1,62230169417327E+001	 5,29311363668466E+001	-2,24273391596013E+001	5,87438866161513E+001	-9,59734087030664E-001	-1,59326011492626E+000	1,23987481807327E+000	 4,17951716532596E+000	-1,36897834943581E-001	4,29654747371460E+000
 Element 48-90 (Plate)	 9366	           2	-7,50000000000000E+000	-1,64172627062995E+001	 4,90823470259170E+001	-2,05510111577930E+001	5,38718632136303E+001	-1,27312552400709E+000	-1,54137198031320E+000	1,46691065065456E+000	 3,96580125738631E+000	-1,12672193299299E-001	4,02287509811077E+000
                (ERSS)	 9367	           3	-7,50000000000000E+000	-1,66115084708664E+001	 4,46945059456926E+001	-1,85629581320382E+001	4,86208859042953E+001	-1,90270629087988E+000	-2,03795614821038E+000	1,15551809676996E+000	 3,66575520682917E+000	-8,09337923642802E-002	3,68818721069996E+000
                      	 9368	           4	-7,50000000000000E+000	-1,68057542354332E+001	 3,97672254457016E+001	-1,64622065463158E+001	4,29155942350504E+001	-2,97031023894265E+000	-3,02714305140100E+000	4,03976465966216E-001	 3,19809902525879E+000	-4,35143219807629E-002	3,20358392487417E+000
                      	10663	           5	-7,50000000000000E+000	-1,70000000000000E+001	 3,43001178454724E+001	-1,42477828646046E+001	3,67740844263333E+001	-4,59777121948906E+000	-4,60857636365343E+000	2,14708744679297E-001	 2,47428574252980E+000	-2,50780283583856E-003	2,47572869720058E+000
          Plate\_2\_15	10643	           1	 7,50000000000000E+000	-1,02500000000000E+001	-1,86349576471732E+002	-1,86349576471732E+002	1,04917767380100E+002	 1,70104664094183E+002	-1,02999541197176E+002	1,70104664094183E+002	 1,06322470277099E+002	-6,86759483365794E-007	2,39735123209509E+002
 Element 49-91 (Plate)	10644	           2	 7,50000000000000E+000	-1,03471228822834E+001	-1,78542786610440E+002	-1,78542786610440E+002	1,03787391569504E+002	 1,63447977903464E+002	-1,11637251234607E+002	1,63447977903464E+002	 1,22513008539436E+002	-6,55133976219645E-007	2,41243652033560E+002
                (ERSS)	10645	           3	 7,50000000000000E+000	-1,04442457645668E+001	-1,70073094288141E+002	-1,70073094288141E+002	1,02652462369636E+002	 1,55280780564870E+002	-1,20986395078107E+002	1,55280780564870E+002	 1,38032907500344E+002	-5,90660831068488E-007	2,41348360568620E+002
                      	10646	           4	 7,50000000000000E+000	-1,05413686468502E+001	-1,60051154846700E+002	-1,60051154846700E+002	1,01513930450579E+002	 1,43703553651988E+002	-1,28221884880207E+002	1,43703553651988E+002	 1,52572275411724E+002	-5,02363423510025E-007	2,40455743922888E+002
                      	11411	           5	 7,50000000000000E+000	-1,06384915291337E+001	-1,47587623627982E+002	-1,47587623627982E+002	1,00372746482418E+002	 1,26816778738403E+002	-1,32455253374013E+002	1,26816778738403E+002	 1,65764677279241E+002	-3,99091072377024E-007	2,38925543700436E+002
          Plate\_2\_15	11411	           1	 7,50000000000000E+000	-1,06384915291337E+001	-1,47333887744399E+002	-1,47333887744399E+002	1,00372811656004E+002	 1,26725450204851E+002	-1,32833307685217E+002	1,26725450204851E+002	 1,65764677279241E+002	-3,99091052177967E-007	2,38925543700436E+002
 Element 49-92 (Plate)	11412	           2	 7,50000000000000E+000	-1,07419313894903E+001	-1,36036259990669E+002	-1,36036259990669E+002	9,91549913999102E+001	 1,11010517056695E+002	-1,36166168682952E+002	1,11010517056695E+002	 1,78029819813998E+002	-2,79035613243681E-007	2,36405353763706E+002
                (ERSS)	11413	           3	 7,50000000000000E+000	-1,08453712498470E+001	-1,25708196698854E+002	-1,25708196698854E+002	9,79353785467238E+001	 9,62924015268078E+001	-1,36970933311275E+002	9,62924015268078E+001	 1,88777208248148E+002	-1,54456191100176E-007	2,33493281364667E+002
                      	11414	           4	 7,50000000000000E+000	-1,09488111102037E+001	-1,15129853563608E+002	-1,15129853563608E+002	9,67150177308077E+001	 8,03933705582607E+001	-1,36416255395018E+002	8,03933705582607E+001	 1,97914672841279E+002	-2,93362957521871E-008	2,31155215455319E+002
                      	11635	           5	 7,50000000000000E+000	-1,10522509705603E+001	-1,03081386279588E+002	-1,03081386279588E+002	9,54949535865247E+001	 6,11356910941251E+001	-1,35279209345499E+002	6,11356910941251E+001	 2,05280867617966E+002	 0,00000000000000E+000	2,27748673228030E+002
          Plate\_2\_15	11635	           1	 7,50000000000000E+000	-1,10522509705603E+001	-1,02229217999675E+002	-1,02229217999675E+002	9,54949210726726E+001	 5,93655639793167E+001	-1,35539963115961E+002	5,93655639793167E+001	 2,05280867617966E+002	 0,00000000000000E+000	2,27748673228030E+002
 Element 49-93 (Plate)	11636	           2	 7,50000000000000E+000	-1,11624186721261E+001	-9,25724396948427E+001	-9,25724396948427E+001	9,41964325260970E+001	 4,84258730849117E+001	-1,35868127779732E+002	4,84258730849117E+001	 2,11193728785565E+002	 0,00000000000000E+000	2,28254434698975E+002
                (ERSS)	11637	           3	 7,50000000000000E+000	-1,12725863736919E+001	-8,33383610662362E+001	-8,33383610662362E+001	9,28990464692172E+001	 3,86863610445953E+001	-1,36660756597298E+002	3,86863610445953E+001	 2,16002806801542E+002	 0,00000000000000E+000	2,29860302946726E+002
                      	11638	           4	 7,50000000000000E+000	-1,13827540752577E+001	-7,39662245505694E+001	-7,39662245505694E+001	9,26048585192377E+001	 2,88271449879300E+001	-1,36072243759477E+002	2,88271449879300E+001	 2,19715280229404E+002	 0,00000000000000E+000	2,30711223547732E+002
                      	11665	           5	 7,50000000000000E+000	-1,14929217768235E+001	-6,38952725845560E+001	-6,38952725845560E+001	9,22658276085584E+001	 1,75283420444784E+001	-1,36952322436767E+002	1,75283420444784E+001	 2,22293655499981E+002	 0,00000000000000E+000	2,30437486065757E+002
          Plate\_2\_15	11665	           1	 7,50000000000000E+000	-1,14929217768235E+001	-6,31254366483200E+001	-6,31254366483200E+001	9,22692576780647E+001	 1,58298679481158E+001	-1,37536587975596E+002	1,58298679481158E+001	 2,22293655499981E+002	 0,00000000000000E+000	2,30437486065757E+002
 Element 49-94 (Plate)	11666	           2	 7,50000000000000E+000	-1,16102549057202E+001	-5,31126460579506E+001	-5,31126460579506E+001	9,18463119066422E+001	 5,05142081451531E+000	-1,39166860906546E+002	5,05142081451531E+000	 2,23475530529179E+002	 0,00000000000000E+000	2,27955440445328E+002
                (ERSS)	11667	           3	 7,50000000000000E+000	-1,17275880346170E+001	-4,51222213854217E+001	-4,70535397309327E+001	9,13663451990208E+001	-1,54024286552825E+000	-1,40083274742263E+002	5,95710731426149E-007	 2,23643933238930E+002	 0,00000000000000E+000	2,23643933238930E+002
                      	11668	           4	 7,50000000000000E+000	-1,18449211635137E+001	-3,90576136659611E+001	-4,67256989257514E+001	9,16967192904434E+001	-4,15418561971227E+000	-1,38819211440119E+002	4,94119676981531E-007	 2,23269493081596E+002	-5,60125251507597E-002	2,23269493081596E+002
                      	12519	           5	 7,50000000000000E+000	-1,19622542924104E+001	-3,48222739347967E+001	-4,63863565749456E+001	9,17222112043363E+001	-2,99946997573415E+000	-1,35534545200773E+002	3,96880751318378E-007	 2,22815186346359E+002	-5,53613549606680E-001	2,22815186346359E+002
          Plate\_2\_15	12519	           1	 7,50000000000000E+000	-1,19622542924104E+001	-3,46088244700792E+001	-4,63858595979131E+001	9,20747808725787E+001	-4,68425329643343E+000	-1,35870588016867E+002	3,97635733182233E-007	 2,22815186346359E+002	-5,53613549606867E-001	2,22815186346359E+002
 Element 49-95 (Plate)	12520	           2	 7,50000000000000E+000	-1,20872188958380E+001	-2,46869643775317E+001	-4,60108870710752E+001	9,21176669288056E+001	-1,61302065931643E+001	-1,32243440400578E+002	3,02213545087526E-007	 2,21595981874880E+002	-1,07232209181681E+000	2,21595981874880E+002
                (ERSS)	12521	           3	 7,50000000000000E+000	-1,22121834992655E+001	-1,38243364290455E+001	-4,56208681141589E+001	9,22313345371354E+001	-3,27867769982854E+001	-1,30927403883951E+002	2,15449438731187E-007	 2,18548294746182E+002	-1,53767703195280E+000	2,18548294746182E+002
                      	12522	           4	 7,50000000000000E+000	-1,23371481026931E+001	-2,47702081318330E+000	-4,52159908120116E+001	9,24401484726213E+001	-5,21723228947101E+001	-1,31076046737862E+002	1,37455927985724E-007	 2,13286100961956E+002	-2,02714019257487E+000	2,13286100961956E+002
                      	12720	           5	 7,50000000000000E+000	-1,24621127061207E+001	 8,89890228149214E+000	-4,47964432494810E+001	9,27684735103166E+001	-7,18052026653515E+001	-1,33002249474001E+002	6,83455267236437E-008	 2,05517160105697E+002	-2,47576555077112E+000	2,05517160105697E+002
          Plate\_2\_15	12720	           1	 7,50000000000000E+000	-1,24621127061207E+001	 8,82048541162480E+000	-4,47958381827983E+001	9,27963904473007E+001	-7,06178523922166E+001	-1,32722134873877E+002	6,81127279189101E-008	 2,05517160105697E+002	-2,47576555077115E+000	2,05517160105697E+002
 Element 49-96 (Plate)	12721	           2	 7,50000000000000E+000	-1,25952051434966E+001	 1,85271517597554E+001	-4,43318051463633E+001	9,32018424234145E+001	-8,19850936777316E+001	-1,31666619230091E+002	4,39675048128907E-009	 1,95320970544300E+002	-2,84620540062322E+000	1,95320970544300E+002
                (ERSS)	12722	           3	 7,50000000000000E+000	-1,27282975808726E+001	 2,70339415067743E+001	-4,38487057570023E+001	9,34620061250742E+001	-9,08843085724350E+001	-1,29763124778489E+002	2,38365959731980E-001	 1,83813842829860E+002	-3,21501241395425E+000	1,83813842829860E+002
                      	12723	           4	 7,50000000000000E+000	-1,28613900182485E+001	 3,50087395357588E+001	-4,33467720054488E+001	9,35788197039212E+001	-9,87357181138516E+001	-1,25901724104399E+002	5,36115074795895E-001	 1,71169811252123E+002	-3,64566595389151E+000	1,71169811252123E+002
                      	13686	           5	 7,50000000000000E+000	-1,29944824556244E+001	 4,31194307297862E+001	-4,28262358824364E+001	9,35542213115965E+001	-1,06959543339507E+002	-1,21788056652097E+002	7,94772187637615E-001	 1,57504933949550E+002	-4,01082174720636E+000	1,57504933949550E+002
          Plate\_2\_15	13686	           1	 7,50000000000000E+000	-1,29944824556244E+001	 4,36566064671673E+001	-4,28254563325352E+001	9,35591096624787E+001	-1,08578556215112E+002	-1,22120414941065E+002	8,10752595754536E-001	 1,57504933949550E+002	-4,01082174720636E+000	1,57504933949550E+002
 Element 49-97 (Plate)	13687	           2	 7,50000000000000E+000	-1,31362313701235E+001	 5,15464689010179E+001	-4,22492690090217E+001	9,33928966026470E+001	-1,17193498006907E+002	-1,17193498006907E+002	1,08920600782311E+000	 1,41436229860762E+002	-4,28117007818609E+000	1,41436229860762E+002
                (ERSS)	13688	           3	 7,50000000000000E+000	-1,32779802846226E+001	 5,70880181281203E+001	-4,16488437609732E+001	9,30875858715498E+001	-1,20239627474817E+002	-1,20239627474817E+002	1,37928477415967E+000	 1,24547341462735E+002	-4,46361525518460E+000	1,24547341462735E+002
                      	13689	           4	 7,50000000000000E+000	-1,34197291991216E+001	 6,04622854291140E+001	-4,10244537391549E+001	9,26441862464184E+001	-1,18153994525720E+002	-1,18153994525720E+002	1,59582980565904E+000	 1,07583022032534E+002	-4,53783578038794E+000	1,07583022032534E+002
                      	13786	           5	 7,50000000000000E+000	-1,35614781136207E+001	 6,18503020846383E+001	-4,03763720943315E+001	9,20637065044844E+001	-1,11373649066496E+002	-1,11373649066496E+002	1,83090562918715E+000	 9,12691204776860E+001	-4,48597948770635E+000	9,12691204776860E+001
          Plate\_2\_15	13786	           1	 7,50000000000000E+000	-1,35614781136207E+001	 6,24298559610551E+001	-4,03753144691935E+001	9,20647438778004E+001	-1,12223619311446E+002	-1,12223619311446E+002	1,86084970793638E+000	 9,12691204776860E+001	-4,48597948770639E+000	9,12691204776860E+001
 Element 49-98 (Plate)	13787	           2	 7,50000000000000E+000	-1,37124465319458E+001	 6,46935813652287E+001	-3,96572462922689E+001	9,14083847790976E+001	-1,01856835331843E+002	-1,01856835331843E+002	2,13464539694540E+000	 7,50972857819976E+001	-4,35112685530794E+000	7,50972857819976E+001
                (ERSS)	13788	           3	 7,50000000000000E+000	-1,38634149502708E+001	 6,66127687020091E+001	-3,89080075246015E+001	9,06039624852691E+001	-9,05673725347153E+001	-9,05673725347153E+001	2,37570563970826E+000	 6,05645253952668E+001	-4,36877540720729E+000	6,05645253952668E+001
                      	13789	           4	 7,50000000000000E+000	-1,40143833685958E+001	 6,81816721235832E+001	-3,81279055080935E+001	8,96385406374185E+001	-7,86696739447469E+001	-7,86696739447469E+001	2,55841936312696E+000	 4,77759316790522E+001	-4,25473844873364E+000	4,77759316790522E+001
                      	14690	           5	 7,50000000000000E+000	-1,41653517869209E+001	 6,93945457821380E+001	-3,73172475846474E+001	8,85130301873019E+001	-6,64781825866234E+001	-6,64781825866234E+001	2,59879959244889E+000	 3,68227010166269E+001	-4,13820680551571E+000	3,68227010166269E+001
          Plate\_2\_15	14690	           1	 7,50000000000000E+000	-1,41653517869209E+001	 6,93989993861159E+001	-3,73157389443895E+001	8,85122461165957E+001	-6,68271680731499E+001	-6,68271680731499E+001	2,63102248732749E+000	 3,68227010166269E+001	-4,13820680551570E+000	3,68227010166269E+001
 Element 49-99 (Plate)	14691	           2	 7,50000000000000E+000	-1,43261393556448E+001	 7,02908087771424E+001	-3,64162479161091E+001	8,71392183236233E+001	-5,50692295054764E+001	-5,50692295054764E+001	2,58100193247133E+000	 2,70416544531389E+001	-4,32222569356139E+000	2,70416544531389E+001
                (ERSS)	14692	           3	 7,50000000000000E+000	-1,44869269243687E+001	 7,08111201723383E+001	-3,54758924444694E+001	8,55824352521488E+001	-4,45803913621871E+001	-4,45803913621871E+001	2,51410724072769E+000	 1,90466157210884E+001	-4,47511086221138E+000	1,90466157210884E+001
                      	14693	           4	 7,50000000000000E+000	-1,46477144930926E+001	 7,09630365817779E+001	-3,44949905485267E+001	8,38427423421293E+001	-3,53868785929370E+001	-3,53868785929370E+001	2,48541643724137E+000	 1,26330090960588E+001	-4,62822707704686E+000	1,26330090960588E+001
                      	14742	           5	 7,50000000000000E+000	-1,48085020618166E+001	 7,07496610155358E+001	-3,34738602473376E+001	8,19209850335220E+001	-2,75149161473813E+001	-2,75149161473813E+001	2,30964839956466E+000	 7,59549137872535E+000	-4,62353205891474E+000	7,59549137872535E+000
          Plate\_2\_15	14742	           1	 7,50000000000000E+000	-1,48085020618166E+001	 7,07580357898158E+001	-3,34715988952296E+001	8,19173020241228E+001	-2,74606313784176E+001	-2,74606313784176E+001	2,34434567786993E+000	 7,59549137872535E+000	-4,62353205891470E+000	7,59549137872535E+000
Element 49-100 (Plate)	14743	           2	 7,50000000000000E+000	-1,49797474291787E+001	 7,01564419794989E+001	-3,23361145230875E+001	7,96664517988663E+001	-2,06043732459814E+001	-2,06043732459814E+001	2,19083129461877E+000	 3,49909815664123E+000	-4,73477848306640E+000	3,49909815664123E+000
                (ERSS)	14744	           3	 7,50000000000000E+000	-1,51509927965408E+001	 6,91798118492327E+001	-3,11455709194138E+001	7,71944642688985E+001	-1,49865219700978E+001	-1,49865219700978E+001	2,09763965697836E+000	 4,67937262847773E-001	-4,98830801140741E+000	4,67937262847773E-001
                      	14745	           4	 7,50000000000000E+000	-1,53222381639029E+001	 6,78305923171783E+001	-2,99002464201330E+001	7,47834049551495E+001	-1,05669846866673E+001	-1,05669846866673E+001	1,86810402437039E+000	-1,70319808936809E+000	-5,06952629379973E+000	2,56517201348404E-001
                      	15600	           5	 7,50000000000000E+000	-1,54934835312651E+001	 6,61112303014968E+001	-2,86004193611692E+001	7,21518442921774E+001	-7,30566853159035E+000	-7,30566853159035E+000	1,55017067792974E+000	-3,21714090140330E+000	-5,03994785486604E+000	2,18523821734928E-001
          Plate\_2\_15	15600	           1	 7,50000000000000E+000	-1,54934835312651E+001	 6,61122526733218E+001	-2,85968448429616E+001	7,21460470055675E+001	-7,16232292375854E+000	-7,16232292375854E+000	1,60583103769486E+000	-3,21714090140330E+000	-5,03994785486603E+000	2,18523821735013E-001
Element 49-101 (Plate)	15601	           2	 7,50000000000000E+000	-1,56758668838820E+001	 6,38862133555028E+001	-2,71467653843209E+001	6,90399336148022E+001	-4,64894759062861E+000	-4,64894759062861E+000	1,18027236221869E+000	-4,28368079703866E+000	-4,93472181008590E+000	2,06197523234524E-001
                (ERSS)	15602	           3	 7,50000000000000E+000	-1,58582502364989E+001	 6,12458088653157E+001	-2,56197301558754E+001	6,56021075293403E+001	-2,75932466601823E+000	-2,75932466601823E+000	8,86784510031523E-001	-4,95130860440010E+000	-4,95130860440010E+000	2,05618485837663E-001
                      	15603	           4	 7,50000000000000E+000	-1,60406335891158E+001	 5,81924465329799E+001	-2,40158582463853E+001	6,18331065533593E+001	-1,43719745813555E+000	-1,43719745813555E+000	6,91342887475299E-001	-5,32490520566297E+000	-5,32490520566297E+000	2,04079008578179E-001
                      	16406	           5	 7,50000000000000E+000	-1,62230169417327E+001	 5,47275336887150E+001	-2,23352687446108E+001	5,77334684910369E+001	-6,26309275188737E-001	-1,50460598732402E+000	3,98442935060276E-001	-5,50612843348810E+000	-5,50612843348810E+000	1,98433763824777E-001
          Plate\_2\_15	16406	           1	 7,50000000000000E+000	-1,62230169417327E+001	 5,47156526934216E+001	-2,23288866999305E+001	5,77170892778944E+001	-3,78911718408966E-001	-1,39240634896260E+000	6,01555329502855E-001	-5,50612843348810E+000	-5,50612843348810E+000	1,98433763824596E-001
Element 49-102 (Plate)	16407	           2	 7,50000000000000E+000	-1,64172627062995E+001	 5,05677753970746E+001	-2,04459272577889E+001	5,29700832281794E+001	 1,73518991432168E-001	-1,58074984001964E+000	2,89642036297543E-001	-5,53130247706312E+000	-5,53130247706312E+000	1,86622259538522E-001
                (ERSS)	16408	           3	 7,50000000000000E+000	-1,66115084708664E+001	 4,59077517225806E+001	-1,84491789825829E+001	4,77824096826472E+001	 1,24090111031223E+000	-1,23700180076723E+000	1,24090111031223E+000	-5,40738007414047E+000	-5,40738007414047E+000	1,67043122392170E-001
                      	16409	           4	 7,50000000000000E+000	-1,68057542354332E+001	 4,07327249423152E+001	-1,63373754699871E+001	4,21504677435635E+001	 3,01039824817771E+000	-4,29000676389084E-001	3,01039824817771E+000	-5,00367499687921E+000	-5,00367499687921E+000	1,38680086107400E-001
                      	16420	           5	 7,50000000000000E+000	-1,70000000000000E+001	 3,50398383286543E+001	-1,41092503156764E+001	3,60971761210289E+001	 5,66917401497511E+000	-2,21797487834525E-001	5,66917401497511E+000	-4,17833003716256E+000	-4,17833003716256E+000	1,00613725535397E-001
          Plate\_1\_16	10663	           1	-7,50000000000000E+000	-1,70000000000000E+001	 3,44116498387894E+001	-1,43027150602404E+001	3,68971929052138E+001	-4,78609738739201E+000	-4,79552667289864E+000	1,83525427144822E-001	 2,47428574252980E+000	-2,50780283577136E-003	2,47572869720058E+000
Element 50-103 (Plate)	10664	           2	-7,50000000000000E+000	-1,71250000000000E+001	 3,17107545161560E+001	-1,33514443318233E+001	3,39198761962221E+001	-6,64117979967636E+000	-6,64192760572332E+000	2,06894289211426E-001	 1,73658853326162E+000	-4,86464389354848E-007	1,73892066394600E+000
                (ERSS)	10665	           3	-7,50000000000000E+000	-1,72500000000000E+001	 2,88741966848138E+001	-1,23882968269729E+001	3,08360844313202E+001	-6,32681208109082E+000	-6,32748222424691E+000	9,88318102400265E-002	 9,05124170676038E-001	-3,08844202731661E-007	9,78607795245279E-001
                      	10666	           4	-7,50000000000000E+000	-1,73750000000000E+001	 2,59354373701093E+001	-1,14245163596567E+001	2,76817599406694E+001	-3,94480834370600E+000	-4,08281313126342E+000	1,27610477158340E-006	 2,40625118706888E-001	-1,35923482649546E-007	4,39262605649763E-001
                      	11425	           5	-7,50000000000000E+000	-1,75000000000000E+001	 2,29279375973889E+001	-1,04713467438422E+001	2,44928450544310E+001	 4,03017300407483E-001	-2,78377504332272E+000	4,92061356731381E-001	 2,42514341941558E-015	-1,46733319938974E-013	3,08024439288346E-013
          Plate\_2\_16	16420	           1	 7,50000000000000E+000	-1,70000000000000E+001	 3,51602935440674E+001	-1,41650066483771E+001	3,62226451009570E+001	 6,04713477179159E+000	-2,13396549159882E-001	6,04713477179159E+000	-4,17833003716256E+000	-4,17833003716256E+000	1,00613725535806E-001
Element 51-104 (Plate)	16421	           2	 7,50000000000000E+000	-1,71250000000000E+001	 3,23574261188695E+001	-1,32005205654724E+001	3,33105039672409E+001	 8,31573861193837E+000	-2,25576009279377E-001	8,31573861193837E+000	-3,26505019812834E+000	-3,26505019812834E+000	7,29810373594294E-002
                (ERSS)	16422	           3	 7,50000000000000E+000	-1,72500000000000E+001	 2,94621600872668E+001	-1,22280703064271E+001	3,03136302105300E+001	 9,19602495408978E+000	-2,16505072605661E-001	9,19602495408978E+000	-2,15812477728820E+000	-2,15812477728820E+000	4,50936254449283E-002
                      	16423	           4	 7,50000000000000E+000	-1,73750000000000E+001	 2,65080686815434E+001	-1,12605425046879E+001	2,72667069710127E+001	 8,81709642235490E+000	-1,84514653907125E-001	8,81709642235490E+000	-1,01795169870103E+000	-1,01795169870103E+000	1,97967248085417E-002
                      	17112	           5	 7,50000000000000E+000	-1,75000000000000E+001	 2,35287251339838E+001	-1,03108237937016E+001	2,42044173888772E+001	 7,30805564084282E+000	-1,27935667952156E-001	7,30805564084282E+000	-2,22044604925031E-016	-3,86836396248924E-013	5,13492026676943E-013
