    Structural element	 Node	Local number	                 X [m]	                 Y [m]	              N [kN/m]	          N_min [kN/m]	         N_max [kN/m]	              Q [kN/m]	          Q_min [kN/m]	         Q_max [kN/m]	            M [kN m/m]	        M_min [kN m/m]	       M_max [kN m/m]
           Plate\_1\_1	  481	           1	-7,50000000000000E+000	 2,85000000000000E+000	 1,09497644524934E+000	-8,04530658812172E-001	1,09575603096113E+000	 2,88030679646207E+000	-9,36710463384537E-002	2,88308767755151E+000	-1,66533453693774E-016	-6,30523411260242E-013	3,66623398306842E-013
   Element 1-1 (Plate)	  480	           2	-7,50000000000000E+000	 2,51250000000000E+000	-5,20644383149545E+000	-5,26598259238743E+000	5,86208363179141E-005	-1,26243771583203E+001	-1,26420993915753E+001	1,69367103826703E+000	-1,69460760078292E+000	-1,70306000874940E+000	3,13423271299049E-001
                (ERSS)	  479	           3	-7,50000000000000E+000	 2,17500000000000E+000	-1,07187695470501E+001	-1,07461975262171E+001	3,29549126897870E-005	-2,70719184141782E+001	-2,70787179956065E+001	2,47531139895095E+000	-8,38983094068537E+000	-8,39232268638222E+000	1,03419525045104E+000
                      	  478	           4	-7,50000000000000E+000	 1,83750000000000E+000	-1,57129607441905E+001	-1,57129607441905E+001	1,74607721085982E-005	-4,12089691215339E+001	-4,12161195111073E+001	2,57518838288977E+000	-1,99374643039229E+001	-1,99423730927473E+001	1,90081049994095E+000
                      	  482	           5	-7,50000000000000E+000	 1,50000000000000E+000	-2,04599774656924E+001	-2,04599774656924E+001	1,52355267939873E-005	-5,57821814308097E+001	-5,57870127085242E+001	2,52169863006703E+000	-3,62676855486638E+001	-3,62746983484672E+001	2,68589307815659E+000
           Plate\_2\_1	 8264	           1	 7,50000000000000E+000	 2,85000000000000E+000	 1,03339804098064E+000	-8,29799505828942E-001	1,05326685640227E+000	-2,88158618652701E+000	-2,91678239613714E+000	1,15953671072640E-001	-5,55111512312578E-017	-6,68284871885305E-013	5,12059145085786E-013
   Element 2-2 (Plate)	 8265	           2	 7,50000000000000E+000	 2,51250000000000E+000	-5,15025061997735E+000	-5,21686689833524E+000	5,92449883760940E-005	 1,30778712893759E+001	-1,70839787254120E+000	1,30799472368493E+001	 1,77785070045252E+000	-3,10337921539204E-001	1,77794383143419E+000
                (ERSS)	 8266	           3	 7,50000000000000E+000	 2,17500000000000E+000	-1,05971257123061E+001	-1,06628908160637E+001	3,35130310771238E-005	 2,77777955844086E+001	-2,50190406608942E+000	2,77809131927749E+001	 8,67234960968066E+000	-1,03842117448659E+000	8,67337366553357E+000
                      	 8267	           4	 7,50000000000000E+000	 1,83750000000000E+000	-1,55780639438150E+001	-1,55780639438150E+001	1,77458822228144E-005	 4,20089764155057E+001	-2,57509762552508E+000	4,20093987021125E+001	 2,04794907344432E+001	-1,91243710325462E+000	2,04811674972903E+001
                      	 8268	           5	 7,50000000000000E+000	 1,50000000000000E+000	-2,03639020223135E+001	-2,03639020223135E+001	1,51321887008357E-005	 5,65622034996020E+001	-2,49220780802153E+000	5,65622034996020E+001	 3,70782110563560E+001	-2,68516526583893E+000	3,70791408982168E+001
           Plate\_1\_2	  482	           1	-7,50000000000000E+000	 1,50000000000000E+000	-2,03140615298608E+001	-2,03140615298608E+001	1,35585556219019E-005	 1,37530097897733E+002	-1,91366672412358E+001	1,37538814599061E+002	-3,62676855486638E+001	-3,62746983484671E+001	2,68589307815664E+000
   Element 3-3 (Plate)	  467	           2	-7,50000000000000E+000	 1,25000000000000E+000	-2,35512420799703E+001	-2,35512420799703E+001	1,50760266216634E-005	 1,26702188477430E+002	-2,59354310028008E+001	1,26712285178453E+002	-3,23721883490827E+000	-1,64882101945215E+001	3,20982533738254E+000
                (ERSS)	  466	           3	-7,50000000000000E+000	 1,00000000000000E+000	-2,66038647174703E+001	-2,66038647174703E+001	1,67990418941158E-005	 1,15727438531445E+002	-3,35131863006560E+001	1,15739168320774E+002	 2,70664461559034E+001	-2,39142413850680E+001	2,70664461559034E+001
                      	  465	           4	-7,50000000000000E+000	 7,50000000000000E-001	-2,93707004000520E+001	-2,93707004000520E+001	1,86984302756361E-005	 1,04869974672876E+002	-4,16176931969325E+001	1,04883464430919E+002	 5,46496417974255E+001	-3,32925482822566E+001	5,46508489257392E+001
                      	  464	           5	-7,50000000000000E+000	 5,00000000000000E-001	-3,17505200854065E+001	-3,17505200854065E+001	2,07450206026014E-005	 9,43939235148205E+001	-4,99967117537613E+001	9,44091739137810E+001	 7,95379333034745E+001	-4,47416571376446E+001	7,95427348686835E+001
           Plate\_2\_2	 8268	           1	 7,50000000000000E+000	 1,50000000000000E+000	-2,01688052497185E+001	-2,01688052497185E+001	1,35790948467085E-005	-1,36796691628425E+002	-1,36818956885579E+002	1,92760045895379E+001	 3,70782110563560E+001	-2,68516526583915E+000	3,70791408982168E+001
   Element 4-4 (Plate)	 7765	           2	 7,50000000000000E+000	 1,25000000000000E+000	-2,33479018748865E+001	-2,33479018748865E+001	1,50910575623070E-005	-1,26113196707463E+002	-1,26134400142881E+002	2,56257826674706E+001	 4,21612203723874E+000	-3,20663479830589E+000	1,64478638981199E+001
                (ERSS)	 7766	           3	 7,50000000000000E+000	 1,00000000000000E+000	-2,63384909770866E+001	-2,63384909770866E+001	1,67979894368033E-005	-1,15293122790689E+002	-1,15315420148204E+002	3,29691878454318E+001	-2,59642233231637E+001	-2,59749571564133E+001	2,37580845774919E+001
                      	 7767	           4	 7,50000000000000E+000	 7,50000000000000E-001	-2,90917684416763E+001	-2,90917684416763E+001	1,86711199404051E-005	-1,04465431696935E+002	-1,04490372219701E+002	4,11825650859765E+001	-5,34431275323079E+001	-5,34597259948961E+001	3,30087262143010E+001
                      	 7764	           5	 7,50000000000000E+000	 5,00000000000000E-001	-3,15589301540129E+001	-3,15589301540129E+001	2,06816785433204E-005	-9,37590852450356E+001	-9,37876116755259E+001	5,01422593516602E+001	-7,82098342920537E+001	-7,82331080577605E+001	4,44090795459115E+001
           Plate\_1\_3	  464	           1	-7,50000000000000E+000	 5,00000000000000E-001	-3,17938029905952E+001	-3,17938029905952E+001	2,06659355514839E-005	 9,42793669914482E+001	-5,00605130992012E+001	9,42937164280483E+001	 7,95379333034745E+001	-4,47416571376446E+001	7,95427348686834E+001
  Element 6-10 (Plate)	  295	           2	-7,50000000000000E+000	 8,33333333333334E-002	-3,49859476505357E+001	-3,49859476505357E+001	2,40521324362777E-005	 7,74386162118698E+001	-6,07454983807520E+001	7,74577900012534E+001	 1,15326652935507E+002	-6,79720641224413E+001	1,15338415315022E+002
                (ERSS)	  294	           3	-7,50000000000000E+000	-3,33333333333333E-001	-3,79529803932332E+001	-3,79529803932332E+001	2,67597521124479E-005	 5,94443821030974E+001	-6,66371333871077E+001	5,94690978355533E+001	 1,43919639979139E+002	-9,46992803919498E+001	1,43940517778501E+002
                      	  293	           4	-7,50000000000000E+000	-7,50000000000000E-001	-4,08985324666461E+001	-4,08985324666461E+001	2,87848896072836E-005	 3,97781618317250E+001	-6,70899469731966E+001	3,98092375815115E+001	 1,64642991065244E+002	-1,22711900862116E+002	1,64675468208776E+002
                      	  292	           5	-7,50000000000000E+000	-1,16666666666667E+000	-4,40262351187331E+001	-4,40262351187331E+001	3,01236399480740E-005	 1,79214525643464E+001	-6,18186545973665E+001	1,79598068896914E+001	 1,76754388270867E+002	-1,49737647298188E+002	1,76801291573951E+002
           Plate\_1\_3	  292	           1	-7,50000000000000E+000	-1,16666666666667E+000	-4,40013070950584E+001	-4,40013070950584E+001	3,01603082569672E-005	 1,79824135379721E+001	-6,26705847821716E+001	1,80198293001490E+001	 1,76754388270867E+002	-1,49737647298188E+002	1,76801291573950E+002
  Element 6-11 (Plate)	   45	           2	-7,50000000000000E+000	-1,37500000000000E+000	-4,51054938720154E+001	-4,51054938720154E+001	3,06262972500084E-005	 7,59553480646978E+000	-5,96151314714452E+001	7,63725393572977E+000	 1,79420518291730E+002	-1,62460263229564E+002	1,79475691091839E+002
                (ERSS)	   44	           3	-7,50000000000000E+000	-1,58333333333333E+000	-4,61342512031715E+001	-4,61342512031715E+001	3,09866641192983E-005	-3,03194117523626E+000	-5,71941641559921E+001	0,00000000000000E+000	 1,79903097724999E+002	-1,74567309293706E+002	1,79967273218360E+002
                      	   43	           4	-7,50000000000000E+000	-1,79166666666667E+000	-4,71347047768304E+001	-4,71347047768304E+001	3,12450283950933E-005	-1,40161199270855E+001	-5,89453467890603E+001	1,63293243023406E-006	 1,78132159808957E+002	-1,86163408176213E+002	1,78205741853232E+002
                      	   66	           5	-7,50000000000000E+000	-2,00000000000000E+000	-4,81539802812960E+001	-4,81539802812960E+001	3,14050096076500E-005	-2,54731069690175E+001	-6,34096059897446E+001	9,91590015967349E-006	 1,74029628787953E+002	-1,97375489600717E+002	1,74112694409208E+002
           Plate\_2\_3	 7764	           1	 7,50000000000000E+000	 5,00000000000000E-001	-3,14157270066972E+001	-3,14157270066972E+001	2,06077551849727E-005	-9,41272736054655E+001	-9,41548344003503E+001	4,96937272266754E+001	-7,82098342920538E+001	-7,82331080577604E+001	4,44090795459115E+001
  Element 9-16 (Plate)	 7671	           2	 7,50000000000000E+000	 8,33333333333334E-002	-3,46052638926769E+001	-3,46052638926769E+001	2,39445532032271E-005	-7,72945297223355E+001	-7,73268841282513E+001	6,06422129305713E+001	-1,13871078172123E+002	-1,13906897377630E+002	6,75941866036355E+001
                (ERSS)	 7672	           3	 7,50000000000000E+000	-3,33333333333333E-001	-3,72445704755643E+001	-3,72445704755643E+001	2,66080676307657E-005	-6,01501324775021E+001	-6,01863788197570E+001	6,61274842693362E+001	-1,42612860636776E+002	-1,42662948469715E+002	9,41560088649840E+001
                      	 7673	           4	 7,50000000000000E+000	-7,50000000000000E-001	-3,99325885010985E+001	-3,99325885010985E+001	2,85939728711756E-005	-4,11524269477753E+001	-4,11926413908318E+001	6,60097881731166E+001	-1,63750507455449E+002	-1,63816549499566E+002	1,21815981818029E+002
                      	 8784	           5	 7,50000000000000E+000	-1,16666666666667E+000	-4,32682597150190E+001	-4,32682597150190E+001	2,98979433280444E-005	-1,87597582099647E+001	-1,88049947574403E+001	6,08422927702414E+001	-1,76401097666649E+002	-1,76484866618701E+002	1,48326226189863E+002
           Plate\_2\_3	 8784	           1	 7,50000000000000E+000	-1,16666666666667E+000	-4,31478445052982E+001	-4,31478445052982E+001	2,99361087458120E-005	-1,90664492938081E+001	-1,91113798517620E+001	6,16152295031222E+001	-1,76401097666649E+002	-1,76484866618701E+002	1,48326226189863E+002
  Element 9-17 (Plate)	 8781	           2	 7,50000000000000E+000	-1,37500000000000E+000	-4,45288793563009E+001	-4,45288793563009E+001	3,03867965107412E-005	-7,96198210215218E+000	-8,01085029576316E+000	5,89775233686078E+001	-1,79212024326830E+002	-1,79305580171647E+002	1,60848745265727E+002
                (ERSS)	 8782	           3	 7,50000000000000E+000	-1,58333333333333E+000	-4,57003542453702E+001	-4,57003542453702E+001	3,07348847787052E-005	 3,03704665392772E+000	 0,00000000000000E+000	5,70407784346432E+001	-1,79726678125753E+002	-1,79830758588112E+002	1,72855605949034E+002
                      	 8783	           4	 7,50000000000000E+000	-1,79166666666667E+000	-4,67151919826715E+001	-4,67151919826715E+001	3,09844988019939E-005	 1,40620005904044E+001	-2,63615610278205E-006	5,90328929804408E+001	-1,77944496377132E+002	-1,78059767222115E+002	1,84449416931143E+002
                      	 8800	           5	 7,50000000000000E+000	-2,00000000000000E+000	-4,76263153783703E+001	-4,76263153783703E+001	3,11397638328973E-005	 2,52442433232506E+001	-1,09463170564201E-005	6,35643991314412E+001	-1,73855824493528E+002	-1,73982905045210E+002	1,95748346838799E+002
           Plate\_1\_4	   66	           1	-7,50000000000000E+000	-2,00000000000000E+000	-4,80545356912311E+001	-4,80545356912311E+001	3,14815377162033E-005	-2,52113010370373E+001	-6,31769530209444E+001	1,66080098747388E-005	 1,74029628787953E+002	-1,97375489600717E+002	1,74112694409208E+002
 Element 10-18 (Plate)	   69	           2	-7,50000000000000E+000	-2,12500000000000E+000	-4,86898559670749E+001	-4,86898559670749E+001	3,23747110471971E-005	-3,12862233499777E+001	-5,99876046557271E+001	6,92001531439694E-005	 1,70501204553454E+002	-2,03095341504470E+002	1,70590168608276E+002
                (ERSS)	   68	           3	-7,50000000000000E+000	-2,25000000000000E+000	-4,93518506683159E+001	-4,93518506683159E+001	5,33039875197524E+000	-3,75700087576277E+001	-5,82294437548552E+001	2,03315784406131E+000	 1,66199374569189E+002	-2,06869732026742E+002	1,66295347138527E+002
                      	   67	           4	-7,50000000000000E+000	-2,37500000000000E+000	-5,00597171856868E+001	-5,00597171856868E+001	1,03143634361930E+001	-4,41015160612021E+001	-5,83033878750103E+001	1,30344055807964E+001	 1,61096215486599E+002	-2,08608119319764E+002	1,61201015030380E+002
                      	   80	           5	-7,50000000000000E+000	-2,50000000000000E+000	-5,08326529099203E+001	-5,08326529099203E+001	1,50497841916181E+001	-5,09196040619159E+001	-6,05788107896949E+001	2,39428124859757E+001	 1,55162061431328E+002	-2,08241439009808E+002	1,55278281720243E+002
           Plate\_2\_4	 8800	           1	 7,50000000000000E+000	-2,00000000000000E+000	-4,75825597315484E+001	-4,75825597315484E+001	3,12405532378770E-005	 2,51291903045758E+001	-1,75836277253386E-005	6,26571680845857E+001	-1,73855824493528E+002	-1,73982905045210E+002	1,95748346838799E+002
 Element 13-21 (Plate)	 8801	           2	 7,50000000000000E+000	-2,12500000000000E+000	-4,82428955233370E+001	-4,82428955233370E+001	3,20838894584596E-005	 3,12597041352946E+001	-7,02239475607264E-005	5,96725156974586E+001	-1,70333591574618E+002	-1,70468504942333E+002	2,01421393810980E+002
                (ERSS)	 8802	           3	 7,50000000000000E+000	-2,25000000000000E+000	-4,89344325362902E+001	-4,89344325362902E+001	4,97930797140679E+000	 3,76070236378276E+001	-2,36928622762137E+000	5,81386772366297E+001	-1,66032319328692E+002	-1,66176708714298E+002	2,05141110417399E+002
                      	 8803	           4	 7,50000000000000E+000	-2,37500000000000E+000	-4,97060401162289E+001	-4,97060401162289E+001	9,70668228489696E+000	 4,42734514883910E+001	-1,31898546972565E+001	5,87886103244719E+001	-1,60916373813875E+002	-1,61072122893393E+002	2,07027570314734E+002
                      	 8804	           5	 7,50000000000000E+000	-2,50000000000000E+000	-5,06065876089738E+001	-5,06065876089738E+001	1,41919310635203E+001	 5,13612903632010E+001	-2,45273856995393E+001	6,18374411153774E+001	-1,54945957379054E+002	-1,55115308525646E+002	2,07278390102339E+002
           Plate\_1\_5	   80	           1	-7,50000000000000E+000	-2,50000000000000E+000	-5,10910730635348E+001	-5,10910730635348E+001	1,55435445584022E+001	-5,09663501521586E+001	-6,11579908256734E+001	2,35461187724082E+001	 1,55162061431328E+002	-2,08241439009808E+002	1,55278281720243E+002
 Element 14-22 (Plate)	   83	           2	-7,50000000000000E+000	-2,75000000000000E+000	-5,26166814321400E+001	-5,26166814321400E+001	2,29201412442731E+001	-6,50092484700767E+001	-6,85931679756814E+001	4,59617816029652E+001	 1,40670277411907E+002	-2,02058387357358E+002	1,40695046038219E+002
                (ERSS)	   82	           3	-7,50000000000000E+000	-3,00000000000000E+000	-5,42498169205573E+001	-5,42498169205573E+001	2,90086937631342E+001	-7,98419001101448E+001	-8,01740189880030E+001	6,53270737772695E+001	 1,22600378581231E+002	-1,89241376362782E+002	1,22600378581231E+002
                      	   81	           4	-7,50000000000000E+000	-3,25000000000000E+000	-5,63221086513501E+001	-5,63221086513501E+001	3,38211921280930E+001	-9,61676964882564E+001	-9,64477853178167E+001	8,35357366205574E+001	 1,00615739510662E+002	-1,71062098356399E+002	1,00615739510662E+002
                      	  188	           5	-7,50000000000000E+000	-3,50000000000000E+000	-5,91651857470820E+001	-5,91651857470820E+001	3,73696263522570E+001	-1,14690029020305E+002	-1,14959449388473E+002	9,46283217361603E+001	 7,43248639501711E+001	-1,60787721839846E+002	7,43248639501711E+001
           Plate\_2\_5	 8804	           1	 7,50000000000000E+000	-2,50000000000000E+000	-5,09632854917951E+001	-5,09632854917951E+001	1,44891554236714E+001	 5,16190377745969E+001	-2,36230863937624E+001	6,11634565013077E+001	-1,54945957379054E+002	-1,55115308525646E+002	2,07278390102339E+002
 Element 17-25 (Plate)	 8642	           2	 7,50000000000000E+000	-2,75000000000000E+000	-5,23630568477001E+001	-5,23630568477001E+001	2,20449658375132E+001	 6,53787453476298E+001	-4,55737917740492E+001	6,85894002673495E+001	-1,40330367633780E+002	-1,40409856759407E+002	2,01615454360809E+002
                (ERSS)	 8643	           3	 7,50000000000000E+000	-3,00000000000000E+000	-5,39472637563139E+001	-5,39472637563139E+001	2,80849363706563E+001	 8,01062605397499E+001	-6,58585083801310E+001	8,05596188309315E+001	-1,22184539148409E+002	-1,22184539148409E+002	1,89316494695250E+002
                      	 8644	           4	 7,50000000000000E+000	-3,25000000000000E+000	-5,60421784844669E+001	-5,60421784844669E+001	3,28155140692901E+001	 9,64938826225122E+001	-8,09808997009244E+001	9,67703458897097E+001	-1,00129712942690E+002	-1,00129712942690E+002	1,71578898703289E+002
                      	 9799	           5	 7,50000000000000E+000	-3,50000000000000E+000	-5,89740732989893E+001	-5,89740732989893E+001	3,64431459796041E+001	 1,15233910867471E+002	-9,41509790588785E+001	1,15464007594358E+002	-7,37331061774901E+001	-7,37331061774901E+001	1,60776974325916E+002
           Plate\_1\_6	  188	           1	-7,50000000000000E+000	-3,50000000000000E+000	-6,06976520149074E+001	-6,06976520149074E+001	4,03317928497430E+001	-1,17905156821783E+002	-1,18663366264921E+002	9,98717839726846E+001	 7,43248639501711E+001	-1,60787721839846E+002	7,43248639501711E+001
 Element 18-26 (Plate)	  191	           2	-7,50000000000000E+000	-3,87500000000000E+000	-5,31931626204905E+001	-5,31931626204905E+001	3,89848003837034E+001	-1,23681912778301E+002	-1,23684381935101E+002	9,56483455576610E+001	 2,88021484611315E+001	-1,57347931387006E+002	2,88021484611315E+001
                (ERSS)	  190	           3	-7,50000000000000E+000	-4,25000000000000E+000	-4,31529801803611E+001	-4,31529801803611E+001	3,74503156609274E+001	-1,23386457039271E+002	-1,23386457039271E+002	8,54043205463121E+001	-1,76467757630589E+001	-1,59485756366087E+002	0,00000000000000E+000
                      	  189	           4	-7,50000000000000E+000	-4,62500000000000E+000	-3,12040874057516E+001	-4,01567889156480E+001	3,57511829795831E+001	-1,18453914652087E+002	-1,18453914652087E+002	8,12989311802042E+001	-6,31797570609859E+001	-1,62951796219039E+002	0,00000000000000E+000
                      	  416	           5	-7,50000000000000E+000	-5,00000000000000E+000	-1,79734670078940E+001	-4,14982007559924E+001	4,01085665993626E+001	-1,10319410664147E+002	-1,10407098752452E+002	7,74527807091294E+001	-1,06118351982778E+002	-1,68315206385771E+002	0,00000000000000E+000
           Plate\_2\_6	 9799	           1	 7,50000000000000E+000	-3,50000000000000E+000	-6,02783153457470E+001	-6,02783153457470E+001	3,93919899338932E+001	 1,18000597034517E+002	-9,89746149603381E+001	1,18280385471828E+002	-7,37331061774901E+001	-7,37331061774901E+001	1,60776974325916E+002
 Element 21-29 (Plate)	 9800	           2	 7,50000000000000E+000	-3,87500000000000E+000	-5,32688646446172E+001	-5,32688646446172E+001	3,81204325987477E+001	 1,24746878743931E+002	-9,58139226326717E+001	1,24887820095806E+002	-2,79258327314848E+001	-2,79258327314848E+001	1,57060679655425E+002
                (ERSS)	 9801	           3	 7,50000000000000E+000	-4,25000000000000E+000	-4,29476147780562E+001	-4,29476147780562E+001	3,66387088501262E+001	 1,23928006391100E+002	-8,57014427844481E+001	1,24069917909684E+002	 1,88369672302405E+001	 0,00000000000000E+000	1,59044331286611E+002
                      	 9802	           4	 7,50000000000000E+000	-4,62500000000000E+000	-3,02743179806752E+001	-4,01641015223970E+001	3,49735305653735E+001	 1,17614389786318E+002	-8,11723848645340E+001	1,17786113560388E+002	 6,43551791500253E+001	 0,00000000000000E+000	1,62407431892300E+002
                      	10469	           5	 7,50000000000000E+000	-5,00000000000000E+000	-1,62087264870856E+001	-4,15058276113441E+001	3,97136455919448E+001	 1,07876438739883E+002	-7,76658174548659E+001	1,07995841694840E+002	 1,06664890301444E+002	 0,00000000000000E+000	1,66262183883502E+002
           Plate\_1\_7	  416	           1	-7,50000000000000E+000	-5,00000000000000E+000	-1,72737354441881E+001	-4,15120865427802E+001	4,09017038929366E+001	-1,08876600250282E+002	-1,08898270164973E+002	7,85398776498060E+001	-1,06118351982778E+002	-1,68315206385771E+002	0,00000000000000E+000
 Element 22-30 (Plate)	  419	           2	-7,50000000000000E+000	-5,13750000000000E+000	-1,11855299470253E+001	-4,20321753500855E+001	4,55939766530369E+001	-1,03196860869521E+002	-1,03233592651134E+002	7,92334119574796E+001	-1,20641490119931E+002	-1,69463992822479E+002	0,00000000000000E+000
                (ERSS)	  418	           3	-7,50000000000000E+000	-5,27500000000000E+000	-6,16696300101575E+000	-4,25384346962587E+001	4,94429544003687E+001	-9,97099113919030E+001	-9,97700527749494E+001	8,18123414910688E+001	-1,34616818007613E+002	-1,70342895977704E+002	0,00000000000000E+000
                      	  417	           4	-7,50000000000000E+000	-5,41250000000000E+000	-1,08267745725080E+000	-4,30305894891809E+001	5,25703970441038E+001	-9,59971256519683E+001	-9,60846412653812E+001	8,20272438596854E+001	-1,48057707533952E+002	-1,70016652759444E+002	0,00000000000000E+000
                      	  493	           5	-7,50000000000000E+000	-5,55000000000000E+000	 5,20268383317840E+000	-4,35083646367335E+001	5,67733040469499E+001	-8,96398774842565E+001	-8,97543488513913E+001	8,50248742117465E+001	-1,60876007637262E+002	-1,74341870621914E+002	0,00000000000000E+000
           Plate\_2\_7	10469	           1	 7,50000000000000E+000	-5,00000000000000E+000	-1,60679208084859E+001	-4,15192134043729E+001	4,04418044635754E+001	 1,07593839572748E+002	-7,85081729144841E+001	1,07686535322118E+002	 1,06664890301444E+002	 0,00000000000000E+000	1,66262183883503E+002
 Element 25-33 (Plate)	10470	           2	 7,50000000000000E+000	-5,13750000000000E+000	-1,02269090721027E+001	-4,20390566454479E+001	4,51564240251385E+001	 1,02444741281857E+002	-7,92537088094264E+001	1,02547247636776E+002	 1,20986985844778E+002	 0,00000000000000E+000	1,67388119101521E+002
                (ERSS)	10471	           3	 7,50000000000000E+000	-5,27500000000000E+000	-6,26313979668769E+000	-4,25451206067452E+001	4,90154612472006E+001	 1,01243153546608E+002	-8,16818174470434E+001	1,01326667494299E+002	 1,35064405975366E+002	 0,00000000000000E+000	1,68520485374394E+002
                      	10472	           4	 7,50000000000000E+000	-5,41250000000000E+000	-1,41135233068402E+000	-4,30371184543114E+001	5,25774762967114E+001	 9,80879330754423E+001	-8,18417673706548E+001	9,81206350628455E+001	 1,48745794229906E+002	 0,00000000000000E+000	1,69106573307099E+002
                      	10488	           5	 7,50000000000000E+000	-5,55000000000000E+000	 7,09371397746515E+000	-4,35147633541929E+001	5,67605983120988E+001	 8,70779365768018E+001	-8,46555387360919E+001	8,70779365768018E+001	 1,61632388065812E+002	 0,00000000000000E+000	1,74026869363399E+002
           Plate\_1\_8	  493	           1	-7,50000000000000E+000	-5,55000000000000E+000	 5,96851338000134E+000	-4,35085738601999E+001	5,67049493887807E+001	-8,77522800925969E+001	-8,78217452651399E+001	8,49817955254087E+001	-1,60876007637262E+002	-1,74341870621914E+002	0,00000000000000E+000
 Element 27-49 (Plate)	  496	           2	-7,50000000000000E+000	-5,66250000000000E+000	 1,19406831805939E+001	-4,38891056849801E+001	5,98076859906394E+001	-8,12408538990165E+001	-8,13242888640652E+001	8,45244902856059E+001	-1,70404948488464E+002	-1,79275946347222E+002	0,00000000000000E+000
                (ERSS)	  495	           3	-7,50000000000000E+000	-5,77500000000000E+000	 1,87957285186929E+001	-4,42604151686202E+001	6,33207182585851E+001	-7,20350611570989E+001	-7,21149570764342E+001	8,71957120323830E+001	-1,79053851782161E+002	-1,84471050815245E+002	0,00000000000000E+000
                      	  494	           4	-7,50000000000000E+000	-5,88750000000000E+000	 2,62394549527227E+001	-4,46222313479922E+001	6,73367310876735E+001	-6,01271167660893E+001	-6,01753163357816E+001	8,80504322050792E+001	-1,86515306856172E+002	-1,89622621024517E+002	0,00000000000000E+000
                      	  881	           5	-7,50000000000000E+000	-6,00000000000000E+000	 3,39776680411076E+001	-4,49742832599681E+001	7,08362633970255E+001	-4,55092356252327E+001	-4,55092356252327E+001	8,91925040988587E+001	-1,92481247529720E+002	-1,94566135252983E+002	0,00000000000000E+000
           Plate\_2\_8	10488	           1	 7,50000000000000E+000	-5,55000000000000E+000	 7,29350158897196E+000	-4,35149605434406E+001	5,66967826282475E+001	 8,61844971687222E+001	-8,46420321853521E+001	8,61844971687222E+001	 1,61632388065812E+002	 0,00000000000000E+000	1,74026869363399E+002
 Element 30-52 (Plate)	10489	           2	 7,50000000000000E+000	-5,66250000000000E+000	 1,43716520228445E+001	-4,38953730828765E+001	5,99313242758039E+001	 7,76563228457762E+001	-8,41558172126200E+001	7,76563228457762E+001	 1,70868559761123E+002	 0,00000000000000E+000	1,80141370259221E+002
                (ERSS)	10490	           3	 7,50000000000000E+000	-5,77500000000000E+000	 2,18992439035018E+001	-4,42665597223586E+001	6,30094261379074E+001	 6,68037418653852E+001	-8,68605936350465E+001	6,68037418653852E+001	 1,79017241426309E+002	 0,00000000000000E+000	1,85458289405881E+002
                      	10491	           4	 7,50000000000000E+000	-5,88750000000000E+000	 2,95776876936563E+001	-4,46282504360401E+001	6,70297100734868E+001	 5,36625761597536E+001	-8,74334003962059E+001	5,36625761597536E+001	 1,85817099678699E+002	 0,00000000000000E+000	1,90011332004985E+002
                      	10492	           5	 7,50000000000000E+000	-6,00000000000000E+000	 3,71083938560202E+001	-4,49801751980742E+001	7,06349787586906E+001	 3,82686476610862E+001	-8,84947299214520E+001	3,82686476610862E+001	 1,91007587845084E+002	 0,00000000000000E+000	1,93785081136870E+002
           Plate\_1\_9	  881	           1	-7,50000000000000E+000	-6,00000000000000E+000	 3,41000436608995E+001	-4,49741640518812E+001	7,16175285529978E+001	-4,23205041392272E+001	-4,23516981987017E+001	9,06136099299145E+001	-1,92481247529720E+002	-1,94566135252983E+002	0,00000000000000E+000
 Element 31-53 (Plate)	  884	           2	-7,50000000000000E+000	-6,25000000000000E+000	 4,89702744195725E+001	-4,57224344709631E+001	7,81716619025902E+001	-1,93295209111075E+001	-1,93295209111075E+001	9,07128614494355E+001	-2,00245744625842E+002	-2,00485677741123E+002	9,69241809480224E-001
                (ERSS)	  883	           3	-7,50000000000000E+000	-6,50000000000000E+000	 6,35727243296084E+001	-4,64222118926873E+001	8,48649980732420E+001	 5,68881854874280E+000	 0,00000000000000E+000	9,11654903357801E+001	-2,01963521051848E+002	-2,02120426142226E+002	2,14194827724298E+000
                      	  882	           4	-7,50000000000000E+000	-6,75000000000000E+000	 7,69927896480278E+001	-4,70728094838430E+001	9,13920616911464E+001	 3,19384847692081E+001	 0,00000000000000E+000	9,13429742331867E+001	-1,97298122627116E+002	-1,97343942493081E+002	3,11818484652518E+000
                      	 1868	           5	-7,50000000000000E+000	-7,00000000000000E+000	 8,83158666318513E+001	-4,76735404112194E+001	9,67887287757033E+001	 5,86234482791729E+001	-3,36036239863793E-007	9,32383652569280E+001	-1,85971653702821E+002	-1,85971653702821E+002	3,59980172654930E+000
           Plate\_2\_9	10492	           1	 7,50000000000000E+000	-6,00000000000000E+000	 3,72550097569775E+001	-4,49800438313970E+001	7,13638599585845E+001	 3,72333198479125E+001	-8,98614993752553E+001	3,72333198479125E+001	 1,91007587845084E+002	 0,00000000000000E+000	1,93785081136870E+002
 Element 34-56 (Plate)	10136	           2	 7,50000000000000E+000	-6,25000000000000E+000	 5,17580661847830E+001	-4,57280404440394E+001	7,84879232877575E+001	 1,60483528841455E+001	-8,93226223579763E+001	1,60483528841455E+001	 1,97723998584040E+002	-9,51888412694989E-001	1,97972678956106E+002
                (ERSS)	10137	           3	 7,50000000000000E+000	-6,50000000000000E+000	 6,60581399926713E+001	-4,64274816223506E+001	8,58387218358267E+001	-7,53470180148203E+000	-9,00412745670602E+001	0,00000000000000E+000	 1,98825134683615E+002	-2,05570999141047E+000	1,98946841986683E+002
                      	10138	           4	 7,50000000000000E+000	-6,75000000000000E+000	 7,92822088290111E+001	-4,70776758036559E+001	9,17411616399180E+001	-3,31838925072876E+001	-9,10258959456482E+001	1,55483985982828E-008	 1,93783691649207E+002	-3,05025263698540E+000	1,93783691649207E+002
                      	10135	           5	 7,50000000000000E+000	-7,00000000000000E+000	 9,05572503421709E+001	-4,76779314252802E+001	9,58539526130850E+001	-6,05672675315887E+001	-9,41821799523498E+001	3,55040693566898E-007	 1,82095645313590E+002	-3,55172558820097E+000	1,82095645313590E+002
          Plate\_1\_10	 1868	           1	-7,50000000000000E+000	-7,00000000000000E+000	 8,76428299035810E+001	-4,76725400159191E+001	9,96811208689658E+001	 5,70409836237035E+001	-5,24511129346721E-007	9,91130139783857E+001	-1,85971653702821E+002	-1,85971653702821E+002	3,59980172654930E+000
 Element 35-57 (Plate)	 1871	           2	-7,50000000000000E+000	-7,38750000000000E+000	 1,05931699395532E+002	-4,85026325706049E+001	1,06718815116202E+002	 9,12810985865307E+001	-5,78035434238984E-001	9,65671265958082E+001	-1,56428141901091E+002	-1,56428141901091E+002	3,93840414435799E+000
                (ERSS)	 1870	           3	-7,50000000000000E+000	-7,77500000000000E+000	 1,16353001940844E+002	-4,92056357155402E+001	1,16750018485196E+002	 1,02064026143782E+002	-1,55960671092945E+000	1,02125442808448E+002	-1,18295206634770E+002	-1,18295206634770E+002	4,71684181953028E+000
                      	 1869	           4	-7,50000000000000E+000	-8,16250000000000E+000	 1,19272399994872E+002	-4,97808414378690E+001	1,19581002706095E+002	 9,11068553562196E+001	-2,18455505232190E+000	9,11068553562196E+001	-8,01168263139908E+001	-8,01168263139908E+001	5,15326289732548E+000
                      	 1888	           5	-7,50000000000000E+000	-8,55000000000000E+000	 1,15055556012970E+002	-5,02275417247352E+001	1,15343784521667E+002	 6,01266752846073E+001	-3,34645157343221E+000	6,01266752846073E+001	-5,02341922520763E+001	-5,02341922520763E+001	4,81712349725052E+000
          Plate\_2\_10	10135	           1	 7,50000000000000E+000	-7,00000000000000E+000	 8,98672145640610E+001	-4,76768213196243E+001	9,86633330176983E+001	-5,95426861382741E+001	-9,91939173177795E+001	5,40391722651652E-007	 1,82095645313590E+002	-3,55172558820098E+000	1,82095645313590E+002
 Element 38-60 (Plate)	10118	           2	 7,50000000000000E+000	-7,38750000000000E+000	 1,07767973931548E+002	-4,85064149407395E+001	1,08596505471093E+002	-9,25852511554918E+001	-9,73753698587005E+001	5,50040907476711E-001	 1,51751033359377E+002	-3,85928683459591E+000	1,51751033359377E+002
                (ERSS)	10119	           3	 7,50000000000000E+000	-7,77500000000000E+000	 1,17314137377055E+002	-4,92087093217485E+001	1,17770285619989E+002	-1,01362400031394E+002	-1,01362400031394E+002	1,50604551275727E+000	 1,13538275487929E+002	-4,63050925316237E+000	1,13538275487929E+002
                      	10120	           4	 7,50000000000000E+000	-8,16250000000000E+000	 1,19458320866658E+002	-4,97829815483178E+001	1,19825278587582E+002	-8,87266740741906E+001	-8,87266740741906E+001	2,12326050031478E+000	 7,59413600463549E+001	-5,06125886751193E+000	7,59413600463549E+001
                      	10285	           5	 7,50000000000000E+000	-8,55000000000000E+000	 1,15153140366433E+002	-5,02285087061141E+001	1,15495143337681E+002	-5,75306145920936E+001	-5,75306145920936E+001	3,21902898703133E+000	 4,71076183674891E+001	-4,73510864442921E+000	4,71076183674891E+001
          Plate\_1\_11	 1888	           1	-7,50000000000000E+000	-8,55000000000000E+000	 1,16992959857520E+002	-5,02277310126488E+001	1,17269508616524E+002	 6,50431575465705E+001	-3,50381271465817E+000	6,50431575465705E+001	-5,02341922520763E+001	-5,02341922520763E+001	4,81712349725056E+000
 Element 40-71 (Plate)	 1891	           2	-7,50000000000000E+000	-8,72500000000000E+000	 1,16184906114177E+002	-5,03876163368462E+001	1,16448606644791E+002	 5,38743604265582E+001	-4,33610541700164E+000	5,38743604265582E+001	-3,98441446143437E+001	-3,98441446143437E+001	4,27102844866605E+000
                (ERSS)	 1890	           3	-7,50000000000000E+000	-8,90000000000000E+000	 1,15272695000705E+002	-5,05215887903526E+001	1,15524505450205E+002	 4,36424414883582E+001	-5,25731913482095E+000	4,36424414883582E+001	-3,13245267050735E+001	-3,13245267050735E+001	3,60289631769160E+000
                      	 1889	           4	-7,50000000000000E+000	-9,07500000000000E+000	 1,14260703977783E+002	-5,06295537132241E+001	1,14501595262573E+002	 3,43862502021142E+001	-6,22088027243007E+000	3,43862502021142E+001	-2,45088731239351E+001	-2,45088731239351E+001	2,71693658263533E+000
                      	 1908	           5	-7,50000000000000E+000	-9,25000000000000E+000	 1,13153310506089E+002	-5,07114164455168E+001	1,13384266311700E+002	 2,61446360379700E+001	-7,11690070369949E+000	2,61446360379700E+001	-1,92292042279199E+001	-1,92292042279199E+001	1,59811594475267E+000
          Plate\_2\_11	10285	           1	 7,50000000000000E+000	-8,55000000000000E+000	 1,16992891636546E+002	-5,02286996129776E+001	1,17323309642236E+002	-6,23792213156713E+001	-6,23792213156713E+001	3,37476065626309E+000	 4,71076183674891E+001	-4,73510864442901E+000	4,71076183674891E+001
 Element 41-72 (Plate)	10286	           2	 7,50000000000000E+000	-8,72500000000000E+000	 1,16132271340472E+002	-5,03879764608778E+001	1,16447667591736E+002	-5,14244835591007E+001	-5,14244835591007E+001	4,21811246606470E+000	 3,71653374026388E+001	-4,20605498843715E+000	3,71653374026388E+001
                (ERSS)	10287	           3	 7,50000000000000E+000	-8,90000000000000E+000	 1,15174895311921E+002	-5,05213121911318E+001	1,15476278230088E+002	-4,14262385751013E+001	-4,14262385751013E+001	5,14042231437400E+000	 2,90541709454352E+001	-3,53878116261400E+000	2,90541709454352E+001
                      	10288	           4	 7,50000000000000E+000	-9,07500000000000E+000	 1,14125694024787E+002	-5,06286143217232E+001	1,14414091313685E+002	-3,24152940106452E+001	-3,24152940106452E+001	6,11272637931587E+000	 2,26052414809523E+001	-2,67036849653002E+000	2,26052414809523E+001
                      	10525	           5	 7,50000000000000E+000	-9,25000000000000E+000	 1,12989597952967E+002	-5,07097903706356E+001	1,13266056598924E+002	-2,44224575127048E+001	-2,44224575127048E+001	7,01651338382762E+000	 1,76485724763589E+001	-1,56902268029040E+000	1,76485724763589E+001
          Plate\_1\_12	 1908	           1	-7,50000000000000E+000	-9,25000000000000E+000	 1,13160445514520E+002	-5,07113707190815E+001	1,13391359626263E+002	 2,61723394430994E+001	-7,11865041480697E+000	2,61723394430994E+001	-1,92292042279199E+001	-1,92292042279199E+001	1,59811594475273E+000
 Element 42-73 (Plate)	 1911	           2	-7,50000000000000E+000	-9,37500000000000E+000	 1,12327203549801E+002	-5,07538149844271E+001	1,12551520917759E+002	 2,09761002969402E+001	-7,72982414089077E+000	2,09761002969402E+001	-1,62889082643213E+001	-1,62889082643213E+001	7,10903663670727E-001
                (ERSS)	 1910	           3	-7,50000000000000E+000	-9,50000000000000E+000	 1,11463530569446E+002	-5,07827307711252E+001	1,11681623214112E+002	 1,63550419292909E+001	-8,34192086000277E+000	1,63550419292909E+001	-1,39614863722884E+001	-1,39614863722884E+001	0,00000000000000E+000
                      	 1909	           4	-7,50000000000000E+000	-9,62500000000000E+000	 1,10571096720437E+002	-5,07980873860254E+001	1,10783336681004E+002	 1,23192315302081E+001	-8,80905622369650E+000	1,23192315302081E+001	-1,21748306231507E+001	-1,21748306231507E+001	0,00000000000000E+000
                      	 2249	           5	-7,50000000000000E+000	-9,75000000000000E+000	 1,09651572149754E+002	-5,07998541359771E+001	1,09858331484115E+002	 8,87873628974855E+000	-9,15359765288989E+000	8,87873628974855E+000	-1,08566265652652E+001	-1,08566265652652E+001	0,00000000000000E+000
          Plate\_2\_12	10525	           1	 7,50000000000000E+000	-9,25000000000000E+000	 1,12996810102797E+002	-5,07097497657683E+001	1,13273237665146E+002	-2,44435753734009E+001	-2,44435753734009E+001	7,01754726148729E+000	 1,76485724763589E+001	-1,56902268029029E+000	1,76485724763589E+001
 Element 43-74 (Plate)	10526	           2	 7,50000000000000E+000	-9,37500000000000E+000	 1,12148643047432E+002	-5,07516992579794E+001	1,12417114355140E+002	-1,94057650935501E+001	-1,94057650935501E+001	7,63315696922719E+000	 1,49143167738501E+001	-6,80145137994751E-001	1,49143167738501E+001
                (ERSS)	10527	           3	 7,50000000000000E+000	-9,50000000000000E+000	 1,11273651677052E+002	-5,07801272020642E+001	1,11534589937972E+002	-1,49322783020214E+001	-1,49322783020214E+001	8,25212934434833E+000	 1,27738812004985E+001	 0,00000000000000E+000	1,27738812004985E+001
                      	10528	           4	 7,50000000000000E+000	-9,62500000000000E+000	 1,10373488381615E+002	-5,07950024691578E+001	1,10627318057381E+002	-1,10327359550810E+001	-1,10327359550810E+001	8,72757713285469E+000	 1,11564829693828E+001	 0,00000000000000E+000	1,11564829693828E+001
                      	10548	           5	 7,50000000000000E+000	-9,75000000000000E+000	 1,09449805551077E+002	-5,07962939303955E+001	1,09696952357104E+002	-7,71675900899493E+000	-7,71675900899493E+000	9,05922460347596E+000	 9,99114396730677E+000	 0,00000000000000E+000	9,99114396730677E+000
          Plate\_1\_13	 2249	           1	-7,50000000000000E+000	-9,75000000000000E+000	 1,09654146559779E+002	-5,07998825479729E+001	1,09860898149303E+002	 8,91224447859609E+000	-9,11827383442766E+000	8,91224447859609E+000	-1,08566265652652E+001	-1,08566265652652E+001	0,00000000000000E+000
 Element 44-75 (Plate)	 2248	           2	-7,50000000000000E+000	-9,81250000000000E+000	 1,09188194962181E+002	-5,07956439640440E+001	1,09392328651284E+002	 7,43908467875769E+000	-9,20636456697703E+000	7,43908467875769E+000	-1,03469199224432E+001	-1,03469199224432E+001	5,62954593507726E-008
                (ERSS)	 2247	           3	-7,50000000000000E+000	-9,87500000000000E+000	 1,08719676297767E+002	-5,07881814690139E+001	1,08921276057643E+002	 6,20372633247247E+000	-9,16783774410531E+000	6,20372633247247E+000	-9,92186193074187E+000	-9,92186193074187E+000	2,11044329838695E-007
                      	 2246	           4	-7,50000000000000E+000	-9,93750000000000E+000	 1,08249307420543E+002	-5,07775257312205E+001	1,08448459973797E+002	 5,21968152084194E+000	-8,99314886994908E+000	5,21968152084194E+000	-9,56604203254365E+000	-9,56604203254365E+000	3,50992976197873E-007
                      	 2270	           5	-7,50000000000000E+000	-1,00000000000000E+001	 1,07777805184516E+002	-5,07637074190015E+001	1,07974600005162E+002	 4,50046232496761E+000	-8,68202075640084E+000	4,50046232496761E+000	-9,26381496643766E+000	-9,26381496643766E+000	4,72108762623114E-007
          Plate\_2\_13	10548	           1	 7,50000000000000E+000	-9,75000000000000E+000	 1,09452457484089E+002	-5,07963154971048E+001	1,09699597265509E+002	-7,74885272643445E+000	-7,74885272643445E+000	9,02473137500014E+000	 9,99114396730678E+000	 0,00000000000000E+000	9,99114396730678E+000
 Element 45-76 (Plate)	10544	           2	 7,50000000000000E+000	-9,81250000000000E+000	 1,08985452594351E+002	-5,07918056591944E+001	1,09229394766796E+002	-6,33756410128481E+000	-6,33756410128481E+000	9,11499581790560E+000	 9,55217599448086E+000	-9,27154991722629E-008	9,55217599448086E+000
                (ERSS)	10545	           3	 7,50000000000000E+000	-9,87500000000000E+000	 1,08516571156317E+002	-5,07840814438118E+001	1,08757414402578E+002	-5,15858729890908E+000	-5,15858729890908E+000	9,08067647684970E+000	 9,19417947112449E+000	-2,48518375924131E-007	9,19417947112449E+000
                      	10546	           4	 7,50000000000000E+000	-9,93750000000000E+000	 1,08046555382922E+002	-5,07731782856305E+001	1,08284401800490E+002	-4,22457326368683E+000	-4,22457326368683E+000	8,91282529367394E+000	 8,90210291278513E+000	-3,89418135583888E-007	8,90210291278513E+000
                      	10547	           5	 7,50000000000000E+000	-1,00000000000000E+001	 1,07576147487101E+002	-5,07591316193241E+001	1,07811102588166E+002	-3,54817293999761E+000	-3,54817293999761E+000	8,60249421021982E+000	 8,66067544727879E+000	-5,11446390140980E-007	8,66067544727879E+000
          Plate\_1\_14	 2270	           1	-7,50000000000000E+000	-1,00000000000000E+001	 1,07777792568570E+002	-5,07634344144461E+001	1,07974583361516E+002	 4,54104964892162E+000	-8,64540952542751E+000	4,54104964892162E+000	-9,26381496643766E+000	-9,26381496643766E+000	4,72108746906340E-007
 Element 46-77 (Plate)	 2273	           2	-7,50000000000000E+000	-1,00625000000000E+001	 1,07058966904956E+002	-5,06555348254962E+001	1,07251881127427E+002	 5,39802694526310E+000	-6,53321009557532E+000	5,39802694526310E+000	-8,95205645120151E+000	-8,95205645120151E+000	5,62084935193748E-007
                (ERSS)	 2272	           3	-7,50000000000000E+000	-1,01250000000000E+001	 1,06337922186930E+002	-5,05467726315083E+001	1,06527048649561E+002	 6,02809565055174E+000	-4,72577745453583E+000	6,02809565055174E+000	-8,59381459159751E+000	-8,59381459159751E+000	6,17274029387363E-007
                      	 2271	           4	-7,50000000000000E+000	-1,01875000000000E+001	 1,05614977228705E+002	-5,04371007968078E+001	1,05800405407894E+002	 6,44231565154306E+000	-3,20475888664735E+000	6,44231565154306E+000	-8,20286478068820E+000	-8,20286478068820E+000	6,43653234948538E-007
                      	 3220	           5	-7,50000000000000E+000	-1,02500000000000E+001	 1,04890450844494E+002	-5,03264722857198E+001	1,05072270882403E+002	 6,65174683499256E+000	-1,95969919936531E+000	6,65174683499256E+000	-7,79276105095553E+000	-7,79276105095553E+000	6,47111919054171E-007
          Plate\_2\_14	10547	           1	 7,50000000000000E+000	-1,00000000000000E+001	 1,07575854144221E+002	-5,07588674428973E+001	1,07810804956821E+002	-3,59519732990337E+000	-3,59519732990337E+000	8,56172232423089E+000	 8,66067544727879E+000	-5,11446369334215E-007	8,66067544727879E+000
 Element 47-78 (Plate)	10330	           2	 7,50000000000000E+000	-1,00625000000000E+001	 1,06859285973228E+002	-5,06505281970099E+001	1,07089480715737E+002	-4,52482099244402E+000	-4,52482099244402E+000	6,46653389279308E+000	 8,40572486014752E+000	-6,01957806521380E-007	8,40572486014752E+000
                (ERSS)	10331	           3	 7,50000000000000E+000	-1,01250000000000E+001	 1,06141198999958E+002	-5,05413313190153E+001	1,06366744601024E+002	-5,22294858934318E+000	-5,22294858934318E+000	4,66793181921229E+000	 8,09992070092668E+000	-6,57343943128145E-007	8,09992070092668E+000
                      	10332	           4	 7,50000000000000E+000	-1,01875000000000E+001	 1,05421897343604E+002	-5,04312302399391E+001	1,05642901613245E+002	-5,70086211953779E+000	-5,70086211953779E+000	3,15532946666260E+000	 7,75729072792474E+000	-6,83631953612844E-007	7,75729072792474E+000
                      	10643	           5	 7,50000000000000E+000	-1,02500000000000E+001	 1,04701685123362E+002	-5,03201783908070E+001	1,04918256752962E+002	-5,96984358196479E+000	-5,96984358196479E+000	1,91814019831813E+000	 7,39163576068902E+000	-6,86759466895686E-007	7,39163576068902E+000
          Plate\_1\_15	 3220	           1	-7,50000000000000E+000	-1,02500000000000E+001	 1,04890079854127E+002	-5,03260448249191E+001	1,05071890723488E+002	 6,69943864450295E+000	-1,90870914692190E+000	6,69943864450295E+000	-7,79276105095553E+000	-7,79276105095553E+000	6,47111922285002E-007
 Element 48-79 (Plate)	 3223	           2	-7,50000000000000E+000	-1,03471228822834E+001	 1,03758279003753E+002	-5,01512108746946E+001	1,03934635139436E+002	 6,79934977453097E+000	-3,50243613783614E-001	6,79934977453097E+000	-7,13598976416468E+000	-7,13598976416468E+000	6,16365864602968E-007
                (ERSS)	 3222	           3	-7,50000000000000E+000	-1,04442457645668E+001	 1,02620500553490E+002	-4,99719735546884E+001	1,02791565930791E+002	 6,74043281389946E+000	-7,87330803958132E-007	6,74043281389946E+000	-6,47723868199271E+000	-6,47723868199271E+000	5,53129024803450E-007
                      	 3221	           4	-7,50000000000000E+000	-1,05413686468502E+001	 1,01477707639675E+002	-4,97883702884822E+001	1,01643647909098E+002	 6,53686466213328E+000	-9,84013952838256E-007	6,53686466213328E+000	-5,83106710924052E+000	-5,92242783765367E+000	4,66328763956901E-007
                      	 3366	           5	-7,50000000000000E+000	-1,06384915291337E+001	 1,00330863398645E+002	-4,96004384996574E+001	1,00491845885900E+002	 6,20282221875727E+000	-1,09553315312236E-006	6,20282221875727E+000	-5,21161885665291E+000	-5,71124974910295E+000	3,64721626271801E-007
          Plate\_1\_15	 3366	           1	-7,50000000000000E+000	-1,06384915291337E+001	 1,00331064687495E+002	-4,96000280319705E+001	1,00492038310773E+002	 6,22905629063917E+000	-1,10766816951723E-006	6,22905629063917E+000	-5,21161885665291E+000	-5,71124974910302E+000	3,64721617660164E-007
 Element 48-80 (Plate)	 3369	           2	-7,50000000000000E+000	-1,07419313894903E+001	 9,91059234161949E+001	-4,93942175160037E+001	9,92617804994211E+001	 5,82008959825965E+000	-1,17069004029311E-006	5,82008959825965E+000	-4,58831366539814E+000	-5,42588919687250E+000	2,46547241159323E-007
                (ERSS)	 3368	           3	-7,50000000000000E+000	-1,08453712498470E+001	 9,78780309885901E+001	-4,91817544536956E+001	9,80289244945641E+001	 5,38582414369490E+000	-1,19398043909448E-006	5,38582414369490E+000	-4,00847812047533E+000	-5,09917678822553E+000	1,23914317435005E-007
                      	 3367	           4	-7,50000000000000E+000	-1,09488111102037E+001	 9,66484541204625E+001	-4,89627147574888E+001	9,67945388651228E+001	 4,93131331198078E+000	-1,18018548375256E-006	4,93131331198078E+000	-3,47453604988372E+000	-4,74623603379687E+000	7,57834421588063E-010
                      	 4246	           5	-7,50000000000000E+000	-1,10522509705603E+001	 9,54182595275940E+001	-4,87371743398263E+001	9,55596921800182E+001	 4,46161048815314E+000	-1,13195129209857E-006	4,46161048815314E+000	-2,98876700154461E+000	-4,38191937121657E+000	0,00000000000000E+000
          Plate\_1\_15	 4246	           1	-7,50000000000000E+000	-1,10522509705603E+001	 9,54183429921573E+001	-4,87367710592088E+001	9,55597678198610E+001	 4,47006299173432E+000	-1,13778471946241E-006	4,47006299173432E+000	-2,98876700154461E+000	-4,38191937121666E+000	0,00000000000000E+000
 Element 48-81 (Plate)	 4247	           2	-7,50000000000000E+000	-1,11624186721261E+001	 9,41083976341895E+001	-4,84885971871984E+001	9,42450231808055E+001	 3,98391887430772E+000	-1,06673784883847E-006	3,98391887430772E+000	-2,52338773380703E+000	-3,99200940833237E+000	0,00000000000000E+000
                (ERSS)	 4248	           3	-7,50000000000000E+000	-1,12725863736919E+001	 9,27990900237266E+001	-4,82313808316093E+001	9,29310617221569E+001	 3,52102627423958E+000	-9,84522831691496E-007	3,52102627423958E+000	-2,11014296019389E+000	-3,60975402547035E+000	0,00000000000000E+000
                      	 4249	           4	-7,50000000000000E+000	-1,13827540752577E+001	 9,14914936744991E+001	-4,79652311481570E+001	9,16189588170024E+001	 3,08304352731028E+000	-8,92514570339153E-007	3,26298986941193E+000	-1,74648743326785E+000	-3,24139925603141E+000	0,00000000000000E+000
                      	 4288	           5	-7,50000000000000E+000	-1,14929217768235E+001	 9,01866821002375E+001	-4,76902572925567E+001	9,03097898384293E+001	 2,67162896930018E+000	-7,92087967099120E-007	3,05879706969089E+000	-1,42983645811223E+000	-2,89303512074356E+000	0,00000000000000E+000
          Plate\_1\_15	 4288	           1	-7,50000000000000E+000	-1,14929217768235E+001	 9,01863784966347E+001	-4,76898244448246E+001	9,03094789465415E+001	 2,67296282224863E+000	-7,94687712705919E-007	3,06883504088932E+000	-1,42983645811223E+000	-2,89303512074354E+000	0,00000000000000E+000
 Element 48-82 (Plate)	 4289	           2	-7,50000000000000E+000	-1,16102549057202E+001	 8,87999981510502E+001	-4,73864331001280E+001	8,89186061015506E+001	 2,27215957504286E+000	-6,87380745092450E-007	2,82897960095541E+000	-1,14014373476227E+000	-2,54713696309420E+000	0,00000000000000E+000
                (ERSS)	 4290	           3	-7,50000000000000E+000	-1,17275880346170E+001	 8,74163901285673E+001	-4,70712726116873E+001	8,75306447270181E+001	 1,90819211030138E+000	-5,83208735999295E-007	2,58150958806970E+000	-8,95211857781347E-001	-2,22966341774291E+000	0,00000000000000E+000
                      	 4291	           4	-7,50000000000000E+000	-1,18449211635137E+001	 8,60365625772032E+001	-4,67444896847617E+001	8,61466046780270E+001	 1,58111976908325E+000	-4,82777959859185E-007	2,32950879716136E+000	-6,90809715095659E-001	-1,94140859921374E+000	0,00000000000000E+000
                      	 5306	           5	-7,50000000000000E+000	-1,19622542924104E+001	 8,46615236449753E+001	-4,64062310246102E+001	8,47674958096600E+001	 1,29100189244750E+000	-3,86694691104851E-007	2,07473213569721E+000	-5,22717336750790E-001	-1,68308807114480E+000	0,00000000000000E+000
          Plate\_1\_15	 5306	           1	-7,50000000000000E+000	-1,19622542924104E+001	 8,46607151363008E+001	-4,64057360729653E+001	8,47666804186110E+001	 1,28932656792566E+000	-3,87424792118680E-007	2,07861470085519E+000	-5,22717336750789E-001	-1,68308807114496E+000	0,00000000000000E+000
 Element 48-83 (Plate)	 5307	           2	-7,50000000000000E+000	-1,20872188958380E+001	 8,32006865887798E+001	-4,60319511798237E+001	8,33024591927906E+001	 1,01890939180196E+000	-2,93144765098227E-007	1,81881089690160E+000	-3,78882839703797E-001	-1,44047685370494E+000	0,00000000000000E+000
                (ERSS)	 5308	           3	-7,50000000000000E+000	-1,22121834992655E+001	 8,17434562615882E+001	-4,56431569011294E+001	8,18411694614380E+001	 7,82449239720654E-001	-2,07447373632377E-007	1,57506189829114E+000	-2,66653427958072E-001	-1,23197320203038E+000	0,00000000000000E+000
                      	 5309	           4	-7,50000000000000E+000	-1,23371481026931E+001	 8,02899534956883E+001	-4,52395411751500E+001	8,03837421187493E+001	 5,79313901044389E-001	-1,30441690259123E-007	1,34816696698671E+000	-1,81893333130838E-001	-1,05222045350458E+000	0,00000000000000E+000
                      	 5336	           5	-7,50000000000000E+000	-1,24621127061207E+001	 7,88411076320422E+001	-4,48212919401532E+001	7,89311080589205E+001	 4,08871165135802E-001	-6,22367875164637E-008	1,13892536495122E+000	-1,20499853073207E-001	-8,99205619810611E-001	0,00000000000000E+000
          Plate\_1\_15	 5336	           1	-7,50000000000000E+000	-1,24621127061207E+001	 7,88397604805672E+001	-4,48206898532977E+001	7,89297543591736E+001	 4,06237377243129E-001	-6,19963142533444E-008	1,13924306263225E+000	-1,20499853073208E-001	-8,99205619810383E-001	0,00000000000000E+000
 Element 48-84 (Plate)	 5337	           2	-7,50000000000000E+000	-1,25952051434966E+001	 7,72997964394628E+001	-4,43580812596127E+001	7,73858916377118E+001	 2,54726335926784E-001	 0,00000000000000E+000	9,39400721003868E-001	-7,68056068121101E-002	-7,62804936539299E-001	0,00000000000000E+000
                (ERSS)	 5338	           3	-7,50000000000000E+000	-1,27282975808726E+001	 7,57600771423302E+001	-4,38764585947499E+001	7,58424012246612E+001	 1,27949932182816E-001	 0,00000000000000E+000	7,61477393124694E-001	-5,15984567232239E-002	-6,50883309812764E-001	0,00000000000000E+000
                      	 5339	           4	-7,50000000000000E+000	-1,28613900182485E+001	 7,42214604451830E+001	-4,33760521027196E+001	7,43001423716279E+001	 2,51650225119783E-002	 0,00000000000000E+000	6,05386359445892E-001	-4,16756094731713E-002	-5,60640013006967E-001	0,00000000000000E+000
                      	 6508	           5	-7,50000000000000E+000	-1,29944824556244E+001	 7,26848042040350E+001	-4,28570920275321E+001	7,27599743302179E+001	-5,43715365849800E-002	-5,43715365849800E-002	4,72540457506122E-001	-4,38694156144544E-002	-4,89285378790713E-001	0,00000000000000E+000
          Plate\_1\_15	 6508	           1	-7,50000000000000E+000	-1,29944824556244E+001	 7,26829097638574E+001	-4,28563158711056E+001	7,27580736383561E+001	-5,65803845969857E-002	-5,65803845969857E-002	4,71351046595271E-001	-4,38694156144550E-002	-4,89285378790707E-001	0,00000000000000E+000
 Element 48-85 (Plate)	 6509	           2	-7,50000000000000E+000	-1,31362313701235E+001	 7,10452472705084E+001	-4,22818695763753E+001	7,11168008120639E+001	-1,21867968316848E-001	-1,21867968316848E-001	3,53098301394316E-001	-5,67055920567626E-002	-4,32181693241347E-001	0,00000000000000E+000
                (ERSS)	 6510	           3	-7,50000000000000E+000	-1,32779802846226E+001	 6,94023493584285E+001	-4,16832550872628E+001	6,94704144366808E+001	-1,71434336957808E-001	-1,71434336957808E-001	2,53298637316817E-001	-7,76735813597471E-002	-3,90341607657176E-001	0,00000000000000E+000
                      	 6511	           4	-7,50000000000000E+000	-1,34197291991216E+001	 6,77550099513222E+001	-4,10607456971221E+001	6,78197096639441E+001	-2,05868555350044E-001	-2,05868555350044E-001	1,71717548084995E-001	-1,04603482601441E-001	-3,60701542740794E-001	0,00000000000000E+000
                      	 6532	           5	-7,50000000000000E+000	-1,35614781136207E+001	 6,61040229728939E+001	-4,04146146993072E+001	6,61654816455915E+001	-2,25759688323736E-001	-2,25759688323736E-001	1,10811396658584E-001	-1,35352792414610E-001	-3,40874407339618E-001	0,00000000000000E+000
          Plate\_1\_15	 6532	           1	-7,50000000000000E+000	-1,35614781136207E+001	 6,61015558873993E+001	-4,04135613580320E+001	6,61630085841561E+001	-2,26904058842714E-001	-2,26904058842714E-001	1,09642356321689E-001	-1,35352792414610E-001	-3,40874407339654E-001	0,00000000000000E+000
 Element 48-86 (Plate)	 6533	           2	-7,50000000000000E+000	-1,37124465319458E+001	 6,43347773011576E+001	-3,96976560044962E+001	6,43929019737318E+001	-2,36267141620508E-001	-2,36267141620508E-001	6,04640232579820E-002	-1,70443937637345E-001	-3,28261163175331E-001	0,00000000000000E+000
                (ERSS)	 6534	           3	-7,50000000000000E+000	-1,38634149502708E+001	 6,25538783902084E+001	-3,89506803997734E+001	6,26087911093384E+001	-2,34951547930232E-001	-2,34951547930232E-001	2,65677148193713E-002	-2,06151126360857E-001	-3,22192580870759E-001	0,00000000000000E+000
                      	 6535	           4	-7,50000000000000E+000	-1,40143833685958E+001	 6,07596115460901E+001	-3,81729419971396E+001	6,08114294523768E+001	-2,23186318174572E-001	-2,23186318174572E-001	8,77995676849865E-003	-2,40875287634269E-001	-3,21735376401859E-001	0,00000000000000E+000
                      	 7778	           5	-7,50000000000000E+000	-1,41653517869209E+001	 5,89527291603409E+001	-3,73647482498708E+001	5,90015704642480E+001	-2,01200492756213E-001	-2,01200492756213E-001	1,00686661475276E-003	-2,73027566406202E-001	-3,26794352035111E-001	0,00000000000000E+000
          Plate\_1\_15	 7778	           1	-7,50000000000000E+000	-1,41653517869209E+001	 5,89495797530653E+001	-3,73632483227723E+001	5,89984153278279E+001	-2,01182210841742E-001	-2,01182210841742E-001	7,42187035851587E-004	-2,73027566406202E-001	-3,26794352035147E-001	0,00000000000000E+000
 Element 48-87 (Plate)	 7779	           2	-7,50000000000000E+000	-1,43261393556448E+001	 5,70056027372962E+001	-3,64665058769475E+001	5,70513857089436E+001	-1,67747235743420E-001	-1,67747235743420E-001	1,80627114058840E-007	-3,02832823593747E-001	-3,37494739090849E-001	0,00000000000000E+000
                (ERSS)	 7780	           3	-7,50000000000000E+000	-1,44869269243687E+001	 5,50343647430906E+001	-3,55290502510412E+001	5,50772052110243E+001	-1,22825055021863E-001	-1,22825055021863E-001	3,01989209872304E-004	-3,26354131864714E-001	-3,46415986829145E-001	0,00000000000000E+000
                      	 7781	           4	-7,50000000000000E+000	-1,46477144930926E+001	 5,30365741310359E+001	-3,45512014378458E+001	5,30765831135136E+001	-6,62634165774039E-002	-6,62634165774039E-002	1,70238404554743E-002	-3,41715944662333E-001	-3,50857694112402E-001	0,00000000000000E+000
                      	 9023	           5	-7,50000000000000E+000	-1,48085020618166E+001	 5,10129392617191E+001	-3,35332794301540E+001	5,10502286958548E+001	 2,08993168962258E-003	-2,09815174415784E-002	4,96479087540984E-002	-3,47032584748089E-001	-3,48288809579861E-001	0,00000000000000E+000
          Plate\_1\_15	 9023	           1	-7,50000000000000E+000	-1,48085020618166E+001	 5,10088231228852E+001	-3,35310362201981E+001	5,10461070718427E+001	 2,41901618154774E-003	-2,07490190438490E-002	4,95457069659770E-002	-3,47032584748088E-001	-3,48288809579915E-001	0,00000000000000E+000
 Element 48-88 (Plate)	 9024	           2	-7,50000000000000E+000	-1,49797474291787E+001	 4,88178120397202E+001	-3,23991598637693E+001	4,88523107343088E+001	 8,99611511846437E-002	-1,61033057969543E-002	1,11528586920719E-001	-3,39348234625783E-001	-3,40149048842901E-001	0,00000000000000E+000
                (ERSS)	 9025	           3	-7,50000000000000E+000	-1,51509927965408E+001	 4,65803655780106E+001	-3,12124734149701E+001	4,66121829310722E+001	 1,92838487875212E-001	-8,98894644366638E-003	1,96376163526738E-001	-3,15338278062561E-001	-3,16117734746089E-001	0,00000000000000E+000
                      	 9026	           4	-7,50000000000000E+000	-1,53222381639029E+001	 4,42971027001300E+001	-2,99712575684727E+001	4,43263433916747E+001	 3,10850108807754E-001	-5,56355567652187E-008	3,10989469086977E-001	-2,72424148354150E-001	-2,73181360278840E-001	0,00000000000000E+000
                      	 9149	           5	-7,50000000000000E+000	-1,54934835312651E+001	 4,19686423684521E+001	-2,86757930189494E+001	4,19954118456581E+001	 4,43795096536774E-001	-1,11301736244680E-007	4,43970740792242E-001	-2,08031577397086E-001	-2,10626321500320E-001	0,00000000000000E+000
          Plate\_1\_15	 9149	           1	-7,50000000000000E+000	-1,54934835312651E+001	 4,19629048705637E+001	-2,86722611463190E+001	4,19896691032653E+001	 4,38171609396041E-001	-1,06995716334228E-007	4,38345875583135E-001	-2,08031577397087E-001	-2,10626321500418E-001	0,00000000000000E+000
 Element 48-89 (Plate)	 9150	           2	-7,50000000000000E+000	-1,56758668838820E+001	 3,94234070835615E+001	-2,72271324385151E+001	3,94476438394534E+001	 5,97655063556307E-001	-1,68218012112321E-007	5,97891322396356E-001	-1,13574269663105E-001	-1,85242395192638E-001	0,00000000000000E+000
                (ERSS)	 9151	           3	-7,50000000000000E+000	-1,58582502364989E+001	 3,68084877554124E+001	-2,57055093476192E+001	3,68302944585433E+001	 7,50432227241981E-001	-2,14169651871436E-007	7,50748462739588E-001	 9,62694129712240E-003	-1,65463877616442E-001	9,62694129712240E-003
                      	 9152	           4	-7,50000000000000E+000	-1,60406335891158E+001	 3,41185058163778E+001	-2,41074973831950E+001	3,41379804835622E+001	 8,91524890394069E-001	-2,41793249887691E-007	8,91937389759128E-001	 1,59511712643158E-001	-1,53752081197307E-001	1,59511712643158E-001
                      	 9365	           5	-7,50000000000000E+000	-1,62230169417327E+001	 3,13538201967190E+001	-2,24332020548061E+001	3,13710614375369E+001	 1,01595484295357E+000	-2,48031420437202E-007	1,01647819660128E+000	 3,33751738488770E-001	-1,36897834943487E-001	3,33751738488770E-001
          Plate\_1\_15	 9365	           1	-7,50000000000000E+000	-1,62230169417327E+001	 3,13451294163589E+001	-2,24273391596013E+001	3,13623657838022E+001	 9,56192677666567E-001	-2,16550875922253E-007	9,56690681815426E-001	 3,33751738488770E-001	-1,36897834943581E-001	3,33751738488770E-001
 Element 48-90 (Plate)	 9366	           2	-7,50000000000000E+000	-1,64172627062995E+001	 2,83027553731721E+001	-2,05510111577930E+001	2,83177097388759E+001	 1,06881917249825E+000	-1,95190931505034E-007	1,06945784080992E+000	 5,33831768604392E-001	-1,12672193299299E-001	5,33831768604392E-001
                (ERSS)	 9367	           3	-7,50000000000000E+000	-1,66115084708664E+001	 2,51372131796565E+001	-1,85629581320382E+001	2,51499757489762E+001	 9,04691282870851E-001	-1,49457581127875E-008	9,05377330691043E-001	 7,31731900433652E-001	-8,09337923642802E-002	7,31731900433652E-001
                      	 9368	           4	-7,50000000000000E+000	-1,68057542354332E+001	 2,18473492285371E+001	-1,64622065463158E+001	2,18580100851331E+001	 4,02216648604343E-001	 0,00000000000000E+000	4,02826544798853E-001	 8,63482207343940E-001	-4,35143219807629E-002	8,63482207343940E-001
                      	10663	           5	-7,50000000000000E+000	-1,70000000000000E+001	 1,84320099125390E+001	-1,42477828646046E+001	1,84406590183767E+001	-5,00197090481294E-001	-5,00197090481294E-001	2,14708744679297E-001	 8,61445066472522E-001	-2,50780283583856E-003	8,61445066472522E-001
          Plate\_2\_15	10643	           1	 7,50000000000000E+000	-1,02500000000000E+001	 1,04701206534873E+002	-5,03197530189167E+001	1,04917767380100E+002	-6,01734534119110E+000	-6,01734534119110E+000	1,86771222416923E+000	 7,39163576068902E+000	-6,86759483365794E-007	7,39163576068902E+000
 Element 49-91 (Plate)	10644	           2	 7,50000000000000E+000	-1,03471228822834E+001	 1,03577534992699E+002	-5,01442369965342E+001	1,03787391569504E+002	-6,20214184572706E+000	-6,20214184572706E+000	3,20572184668160E-001	 6,79690492934759E+000	-6,55133976219645E-007	6,79690492934759E+000
                (ERSS)	10645	           3	 7,50000000000000E+000	-1,04442457645668E+001	 1,02449110535283E+002	-4,99643190254288E+001	1,02652462369636E+002	-6,21958076233279E+000	-6,21958076233279E+000	8,01560593753490E-007	 6,19239333318576E+000	-5,90660831068488E-007	6,19239333318576E+000
                      	10646	           4	 7,50000000000000E+000	-1,05413686468502E+001	 1,01316881531108E+002	-4,97800309630051E+001	1,01513930450579E+002	-6,08406922935344E+000	-6,08406922935344E+000	1,00043467253869E-006	 5,59344749947411E+000	-5,02363423510025E-007	5,87456446961162E+000
                      	11411	           5	 7,50000000000000E+000	-1,06384915291337E+001	 1,00181796348659E+002	-4,95914046666676E+001	1,00372746482418E+002	-5,81001438513417E+000	-5,81001438513417E+000	1,11328623782001E-006	 5,01498935141006E+000	-3,99091072377024E-007	5,66324214352159E+000
          Plate\_2\_15	11411	           1	 7,50000000000000E+000	-1,06384915291337E+001	 1,00181871856128E+002	-4,95909940214978E+001	1,00372811656004E+002	-5,83647336734133E+000	-5,83647336734133E+000	1,12535423173392E-006	 5,01498935141006E+000	-3,99091052177967E-007	5,66324214352170E+000
 Element 49-92 (Plate)	11412	           2	 7,50000000000000E+000	-1,07419313894903E+001	 9,89703458674681E+001	-4,93844260421325E+001	9,91549913999102E+001	-5,48404915507985E+000	-5,48404915507985E+000	1,18928144579499E-006	 4,42930048210748E+000	-2,79035613243681E-007	5,37844564552998E+000
                (ERSS)	11413	           3	 7,50000000000000E+000	-1,08453712498470E+001	 9,77568382500026E+001	-4,91711960801708E+001	9,79353785467238E+001	-5,09962503100044E+000	-5,09962503100044E+000	1,21295010101567E-006	 3,88159936141921E+000	-1,54456191100176E-007	5,05289456662844E+000
                      	11414	           4	 7,50000000000000E+000	-1,09488111102037E+001	 9,65423911288688E+001	-4,89513771029461E+001	9,67150177308077E+001	-4,68851400938536E+000	-4,68851400938536E+000	1,19908524823727E-006	 3,37496732656685E+000	-2,93362957521871E-008	4,70162366602600E+000
                      	11635	           5	 7,50000000000000E+000	-1,10522509705603E+001	 9,53280466292037E+001	-4,87250420777920E+001	9,54949535865247E+001	-4,25602910451684E+000	-4,25602910451684E+000	1,15041193830108E-006	 2,91233167146275E+000	 0,00000000000000E+000	4,33939179994610E+000
          Plate\_2\_15	11635	           1	 7,50000000000000E+000	-1,10522509705603E+001	 9,53280232584059E+001	-4,87246367091543E+001	9,54949210726726E+001	-4,26494817551555E+000	-4,26494817551555E+000	1,15627636136153E-006	 2,91233167146274E+000	 0,00000000000000E+000	4,33939179994624E+000
 Element 49-93 (Plate)	11636	           2	 7,50000000000000E+000	-1,11624186721261E+001	 9,40354328848691E+001	-4,84756030793301E+001	9,41964325260970E+001	-3,81297659749212E+000	-3,81297659749212E+000	1,08452326850440E-006	 2,46761989782776E+000	 0,00000000000000E+000	3,95205702119301E+000
                (ERSS)	11637	           3	 7,50000000000000E+000	-1,12725863736919E+001	 9,27437625652169E+001	-4,82175054467050E+001	9,28990464692172E+001	-3,37972691969261E+000	-3,38886093057864E+000	1,00145540335050E-006	 2,07153832528856E+000	 0,00000000000000E+000	3,57263707159163E+000
                      	11638	           4	 7,50000000000000E+000	-1,13827540752577E+001	 9,14540365735363E+001	-4,79504544591296E+001	9,16037894600524E+001	-2,96699390229235E+000	-3,23310182930118E+000	9,08462833803407E-007	 1,72202128520541E+000	 0,00000000000000E+000	3,20729286156091E+000
                      	11665	           5	 7,50000000000000E+000	-1,14929217768235E+001	 9,01672791839144E+001	-4,76745607644545E+001	9,03116880566220E+001	-2,57657230546666E+000	-3,02899636639239E+000	8,06935627766713E-007	 1,41695809131244E+000	 0,00000000000000E+000	2,86203073317429E+000
          Plate\_2\_15	11665	           1	 7,50000000000000E+000	-1,14929217768235E+001	 9,01668821171666E+001	-4,76741257704678E+001	9,03112822974632E+001	-2,57835365490076E+000	-3,03904515011346E+000	8,09598847847880E-007	 1,41695809131243E+000	 0,00000000000000E+000	2,86203073317400E+000
 Element 49-94 (Plate)	11666	           2	 7,50000000000000E+000	-1,16102549057202E+001	 8,87996851228419E+001	-4,73697312570010E+001	8,89385809014159E+001	-2,19634244989575E+000	-2,79998369019930E+000	7,01066319949257E-007	 1,13723319651784E+000	 0,00000000000000E+000	2,51945727403625E+000
                (ERSS)	11667	           3	 7,50000000000000E+000	-1,17275880346170E+001	 8,74350287988665E+001	-4,70535397309327E+001	8,75685964859971E+001	-1,84835544784524E+000	-2,55378178213279E+000	5,95710731426149E-007	 9,00235173555001E-001	 0,00000000000000E+000	2,20527401080650E+000
                      	11668	           4	 7,50000000000000E+000	-1,18449211635137E+001	 8,60738840954027E+001	-4,67256989257514E+001	8,62023021147208E+001	-1,53454916380425E+000	-2,30277538782366E+000	4,94119676981531E-007	 7,02050173762933E-001	 0,00000000000000E+000	1,92022016732296E+000
                      	12519	           5	 7,50000000000000E+000	-1,19622542924104E+001	 8,47172219626129E+001	-4,63863565749456E+001	8,48406708511014E+001	-1,25508011282780E+000	-2,04930046918166E+000	3,96880751318378E-007	 5,38771454100545E-001	 0,00000000000000E+000	1,66714197121046E+000
          Plate\_2\_15	12519	           1	 7,50000000000000E+000	-1,19622542924104E+001	 8,47163468405569E+001	-4,63858595979131E+001	8,48397873477049E+001	-1,25364698516612E+000	-2,05315534669678E+000	3,97635733182233E-007	 5,38771454100545E-001	 0,00000000000000E+000	1,66714197121060E+000
 Element 49-95 (Plate)	12520	           2	 7,50000000000000E+000	-1,20872188958380E+001	 8,32753764695849E+001	-4,60108870710752E+001	8,33937052451454E+001	-9,92481960823103E-001	-1,79505199614623E+000	3,02213545087526E-007	 3,98799077983561E-001	 0,00000000000000E+000	1,43082379617440E+000
                (ERSS)	12521	           3	 7,50000000000000E+000	-1,22121834992655E+001	 8,18365429626996E+001	-4,56208681141589E+001	8,19499300799113E+001	-7,63652934260218E-001	-1,55309039015480E+000	2,15449438731187E-007	 2,89380282235216E-001	 0,00000000000000E+000	1,22496749825473E+000
                      	12522	           4	 7,50000000000000E+000	-1,23371481026931E+001	 8,04007490526709E+001	-4,52159908120116E+001	8,05093664302307E+001	-5,66606001151842E-001	-1,32806315835557E+000	1,37455927985724E-007	 2,06572630036148E-001	 0,00000000000000E+000	1,04758248603246E+000
                      	12720	           5	 7,50000000000000E+000	-1,24621127061207E+001	 7,89688974722687E+001	-4,47964432494810E+001	7,90729188743314E+001	-4,00787257172352E-001	-1,12076293038161E+000	6,83455267236437E-008	 1,46463487812221E-001	 0,00000000000000E+000	8,96658853451166E-001
          Plate\_2\_15	12720	           1	 7,50000000000000E+000	-1,24621127061207E+001	 7,89675127615670E+001	-4,47958381827983E+001	7,90715260287661E+001	-3,98398198663352E-001	-1,12108711150704E+000	6,81127279189101E-008	 1,46463487812223E-001	 0,00000000000000E+000	8,96658853451137E-001
 Element 49-96 (Plate)	12721	           2	 7,50000000000000E+000	-1,25952051434966E+001	 7,74447340006767E+001	-4,43318051463633E+001	7,75440260431322E+001	-2,50711518515395E-001	-9,23292641296844E-001	4,39675048128907E-009	 1,03549433826648E-001	 0,00000000000000E+000	7,62190004572754E-001
                (ERSS)	12722	           3	 7,50000000000000E+000	-1,27282975808726E+001	 7,59212056737068E+001	-4,38487057570023E+001	7,60159397925166E+001	-1,27017305365599E-001	-7,47361297462034E-001	0,00000000000000E+000	 7,86637564060882E-002	 0,00000000000000E+000	6,51914630840205E-001
                      	12723	           4	 7,50000000000000E+000	-1,28613900182485E+001	 7,43977605576304E+001	-4,33467720054488E+001	7,44881016632348E+001	-2,65985377929391E-002	-5,94104016842868E-001	0,00000000000000E+000	 6,86994948020993E-002	 0,00000000000000E+000	5,64126462738971E-001
                      	13686	           5	 7,50000000000000E+000	-1,29944824556244E+001	 7,28752314294207E+001	-4,28262358824364E+001	7,29613460416022E+001	 5,12618056236094E-002	-4,64860967671338E-001	5,12618056236094E-002	 7,05836538816679E-002	 0,00000000000000E+000	4,96017868436201E-001
          Plate\_2\_15	13686	           1	 7,50000000000000E+000	-1,29944824556244E+001	 7,28733247178039E+001	-4,28254563325352E+001	7,29594314664869E+001	 5,33116898611710E-002	-4,63709602296520E-001	5,33116898611710E-002	 7,05836538816685E-002	 0,00000000000000E+000	4,96017868436111E-001
 Element 49-97 (Plate)	13687	           2	 7,50000000000000E+000	-1,31362313701235E+001	 7,12495181075578E+001	-4,22492690090217E+001	7,13312896496630E+001	 1,17228011427577E-001	-3,47166628638059E-001	1,17228011427577E-001	 8,28570361218846E-002	 0,00000000000000E+000	4,40106332806610E-001
                (ERSS)	13688	           3	 7,50000000000000E+000	-1,32779802846226E+001	 6,96192127675429E+001	-4,16488437609732E+001	6,96968051569446E+001	 1,65610158126582E-001	-2,48954425386243E-001	1,65610158126582E-001	 1,03081326114800E-001	 0,00000000000000E+000	3,98591325127711E-001
                      	13689	           4	 7,50000000000000E+000	-1,34197291991216E+001	 6,79831921136200E+001	-4,10244537391549E+001	6,80567627693393E+001	 1,99029272076668E-001	-1,71376290525555E-001	1,99029272076668E-001	 1,29111389461185E-001	 0,00000000000000E+000	3,69086785072051E-001
                      	13786	           5	 7,50000000000000E+000	-1,35614781136207E+001	 6,63422395616497E+001	-4,03763720943315E+001	6,64119472678547E+001	 2,18056495396320E-001	-1,11570069848327E-001	2,18056495396320E-001	 1,58828663992364E-001	 0,00000000000000E+000	3,49228271900312E-001
          Plate\_2\_15	13786	           1	 7,50000000000000E+000	-1,35614781136207E+001	 6,63397691031902E+001	-4,03753144691935E+001	6,64094692489700E+001	 2,19131188141306E-001	-1,10418656719806E-001	2,19131188141306E-001	 1,58828663992363E-001	 0,00000000000000E+000	3,49228271900302E-001
 Element 49-98 (Plate)	13787	           2	 7,50000000000000E+000	-1,37124465319458E+001	 6,45822522063475E+001	-3,96572462922689E+001	6,46479963780654E+001	 2,27471378756526E-001	-6,51387659416041E-002	2,27471378756526E-001	 1,92672087972869E-001	 0,00000000000000E+000	3,36415635741930E-001
                (ERSS)	13788	           3	 7,50000000000000E+000	-1,38634149502708E+001	 6,28091428530562E+001	-3,89080075246015E+001	6,28710794454715E+001	 2,24868524422955E-001	-3,19388646419410E-002	2,24868524422955E-001	 2,26958318193977E-001	 0,00000000000000E+000	3,29985991706303E-001
                      	13789	           4	 7,50000000000000E+000	-1,40143833685958E+001	 6,10211890490797E+001	-3,81279055080935E+001	6,10794676046408E+001	 2,11498745576618E-001	-1,22085211960188E-002	2,11498745576618E-001	 2,60042339899041E-001	 0,00000000000000E+000	3,28017705334132E-001
                      	14690	           5	 7,50000000000000E+000	-1,41653517869209E+001	 5,92191388001811E+001	-3,73172475846474E+001	5,92739100090257E+001	 1,87538162653542E-001	-2,29026746452032E-003	1,87538162653542E-001	 2,90286847777201E-001	 0,00000000000000E+000	3,29562173940217E-001
          Plate\_2\_15	14690	           1	 7,50000000000000E+000	-1,41653517869209E+001	 5,92159912003555E+001	-3,73157389443895E+001	5,92707551999160E+001	 1,87455131552412E-001	-2,01980971362607E-003	1,87455131552412E-001	 2,90286847777202E-001	 0,00000000000000E+000	3,29562173939916E-001
 Element 49-99 (Plate)	14691	           2	 7,50000000000000E+000	-1,43261393556448E+001	 5,72755349352947E+001	-3,64162479161091E+001	5,73267133925725E+001	 1,51392488572698E-001	-1,75129432357510E-007	1,51392488572698E-001	 3,17685515850193E-001	 0,00000000000000E+000	3,36732197242676E-001
                (ERSS)	14692	           3	 7,50000000000000E+000	-1,44869269243687E+001	 5,53061429299846E+001	-3,54758924444694E+001	5,53538763745725E+001	 1,02977695127795E-001	-6,76750828485964E-003	1,02977695127795E-001	 3,38307845532797E-001	 0,00000000000000E+000	3,44802810059696E-001
                      	14693	           4	 7,50000000000000E+000	-1,46477144930926E+001	 5,33085199558053E+001	-3,44949905485267E+001	5,33529498517228E+001	 4,20296734887167E-002	-2,62520775811495E-002	4,20296734887167E-002	 3,50136867781655E-001	 0,00000000000000E+000	3,52112922285043E-001
                      	14742	           5	 7,50000000000000E+000	-1,48085020618166E+001	 5,12833707841366E+001	-3,34738602473376E+001	5,13246395298303E+001	-3,16326540735192E-002	-6,31182572561161E-002	3,65090744041839E-002	 3,51143862989815E-001	 0,00000000000000E+000	3,51872623568339E-001
          Plate\_2\_15	14742	           1	 7,50000000000000E+000	-1,48085020618166E+001	 5,12792507744541E+001	-3,34715988952296E+001	5,13205127038974E+001	-3,19484394503224E-002	-6,29982910477473E-002	3,62835462469458E-002	 3,51143862989814E-001	 0,00000000000000E+000	3,51872623568316E-001
Element 49-100 (Plate)	14743	           2	 7,50000000000000E+000	-1,49797474291787E+001	 4,90848030184168E+001	-3,23361145230875E+001	4,91228397786297E+001	-1,25900632735402E-001	-1,35445841832186E-001	3,61866212441143E-002	 3,37875307212159E-001	 0,00000000000000E+000	3,38532517190532E-001
                (ERSS)	14744	           3	 7,50000000000000E+000	-1,51509927965408E+001	 4,68420041567551E+001	-3,11455709194138E+001	4,68769484226705E+001	-2,36577494288522E-001	-2,37144289073344E-001	3,43466036172737E-002	 3,07060734863796E-001	 0,00000000000000E+000	3,07704979918623E-001
                      	14745	           4	 7,50000000000000E+000	-1,53222381639029E+001	 4,45514709278255E+001	-2,99002464201330E+001	4,45834561389071E+001	-3,63767380462843E-001	-3,63875797886539E-001	3,06384021391334E-002	 2,55888895823054E-001	 0,00000000000000E+000	2,56517201348404E-001
                      	15600	           5	 7,50000000000000E+000	-1,54934835312651E+001	 4,22138200699846E+001	-2,86004193611692E+001	4,22429804302268E+001	-5,07258647611528E-001	-5,07414197029128E-001	2,49369255824033E-002	 1,81552922790128E-001	 0,00000000000000E+000	2,18523821734928E-001
          Plate\_2\_15	15600	           1	 7,50000000000000E+000	-1,54934835312651E+001	 4,22079587390311E+001	-2,85968448429616E+001	4,22371127098541E+001	-5,01241136284989E-001	-5,01395080003314E-001	2,45131043241789E-002	 1,81552922790127E-001	 0,00000000000000E+000	2,18523821735013E-001
Element 49-101 (Plate)	15601	           2	 7,50000000000000E+000	-1,56758668838820E+001	 3,96565587800503E+001	-2,71467653843209E+001	3,96828376129279E+001	-6,72098769805779E-001	-6,72325172266615E-001	1,52685134331902E-002	 7,45613495379963E-002	 0,00000000000000E+000	2,06197523234524E-001
                (ERSS)	15602	           3	 7,50000000000000E+000	-1,58582502364989E+001	 3,70273244091441E+001	-2,56197301558754E+001	3,70508532435997E+001	-8,35534879018934E-001	-8,35848947971506E-001	9,79291717993111E-004	-6,32263704396285E-002	-6,32263704396285E-002	2,05618485837663E-001
                      	15603	           4	 7,50000000000000E+000	-1,60406335891158E+001	 3,43205910010812E+001	-2,40158582463853E+001	3,43414955642158E+001	-9,85707792543486E-001	-9,86122724463854E-001	2,82724600043973E-007	-2,29478496599590E-001	-2,29478496599590E-001	2,04079008578179E-001
                      	16406	           5	 7,50000000000000E+000	-1,62230169417327E+001	 3,15366939306305E+001	-2,23352687446108E+001	3,15551005371226E+001	-1,11677583899847E+000	-1,11730281908952E+000	2,91966175775879E-007	-4,21547915812383E-001	-4,21547915812383E-001	1,98433763824777E-001
          Plate\_2\_15	16406	           1	 7,50000000000000E+000	-1,62230169417327E+001	 3,15265200511421E+001	-2,23288866999305E+001	3,15449202184169E+001	-1,04822794533194E+000	-1,04872467494799E+000	2,57704289350073E-007	-4,21547915812383E-001	-4,21547915812383E-001	1,98433763824596E-001
Element 49-102 (Plate)	16407	           2	 7,50000000000000E+000	-1,64172627062995E+001	 2,84633426010522E+001	-2,04459272577889E+001	2,84792086149671E+001	-1,17687737747168E+000	-1,17751811560694E+000	2,41028872047425E-007	-6,41417740102687E-001	-6,41417740102687E-001	1,86622259538522E-001
                (ERSS)	16408	           3	 7,50000000000000E+000	-1,66115084708664E+001	 2,52718516248035E+001	-1,84491789825829E+001	2,52853007873731E+001	-9,94201451526585E-001	-9,94874869665541E-001	5,17667453483544E-008	-8,59400330647952E-001	-8,59400330647952E-001	1,67043122392170E-001
                      	16409	           4	 7,50000000000000E+000	-1,68057542354332E+001	 2,19500384966049E+001	-1,63373754699871E+001	2,19611874496461E+001	-4,26691172480819E-001	-4,27250611889372E-001	0,00000000000000E+000	-1,00284177008120E+000	-1,00284177008120E+000	1,38680086107400E-001
                      	16420	           5	 7,50000000000000E+000	-1,70000000000000E+001	 1,84958945906650E+001	-1,41092503156764E+001	1,85048593157974E+001	 5,99162454681448E-001	-2,21797487834525E-001	5,99162454681448E-001	-9,94712276406666E-001	-9,94789106710237E-001	1,00613725535397E-001
          Plate\_1\_16	10663	           1	-7,50000000000000E+000	-1,70000000000000E+001	 1,84930751928839E+001	-1,43027150602404E+001	1,85017618004281E+001	-6,41351388908269E-001	-6,41351388908269E-001	1,83525427144822E-001	 8,61445066472522E-001	-2,50780283577136E-003	8,61445066472522E-001
Element 50-103 (Plate)	10664	           2	-7,50000000000000E+000	-1,71250000000000E+001	 1,68598413599898E+001	-1,33514443318233E+001	1,68676794458338E+001	-1,65454249466134E+000	-1,65454249466134E+000	2,06894289211426E-001	 7,11898901008945E-001	-4,86464389354848E-007	7,11898901008945E-001
                (ERSS)	10665	           3	-7,50000000000000E+000	-1,72500000000000E+001	 1,52099413079268E+001	-1,23882968269729E+001	1,52169779547423E+001	-2,09549846244009E+000	-2,09556856637221E+000	9,88318102400265E-002	 4,71727733911195E-001	-3,08844202731661E-007	4,71727733911195E-001
                      	10666	           4	-7,50000000000000E+000	-1,73750000000000E+001	 1,35594521753804E+001	-1,14245163596567E+001	1,35657422457782E+001	-1,97746755580298E+000	-1,97746755580298E+000	1,27610477158340E-006	 2,11181802541279E-001	-1,35923482649546E-007	2,11181802541279E-001
                      	11425	           5	-7,50000000000000E+000	-1,75000000000000E+001	 1,19244511010360E+001	-1,04713467438422E+001	1,19300572375660E+001	-1,31369803830853E+000	-1,32244936244171E+000	8,60364232394713E-007	 2,63677968348475E-016	-1,46733319938974E-013	3,08024439288346E-013
          Plate\_2\_16	16420	           1	 7,50000000000000E+000	-1,70000000000000E+001	 1,85586708134196E+001	-1,41650066483771E+001	1,85676760952268E+001	 7,62137373128467E-001	-2,13396549159882E-001	7,62137373128467E-001	-9,94712276406666E-001	-9,94789106710216E-001	1,00613725535806E-001
Element 51-104 (Plate)	16421	           2	 7,50000000000000E+000	-1,71250000000000E+001	 1,69041290623455E+001	-1,32005205654724E+001	1,69122195821074E+001	 1,72917512499742E+000	-2,25576009279377E-001	1,72925135705514E+000	-8,34054928790001E-001	-8,34137197707970E-001	7,29810373594294E-002
                (ERSS)	16422	           3	 7,50000000000000E+000	-1,72500000000000E+001	 1,52410501646068E+001	-1,22280703064271E+001	1,52482872510325E+001	 2,25641076870079E+000	-2,16505072605661E-001	2,25663145801302E+000	-5,81000824189928E-001	-5,81063604763268E-001	4,50936254449283E-002
                      	16423	           4	 7,50000000000000E+000	-1,73750000000000E+001	 1,35853706061022E+001	-1,12605425046879E+001	1,35918235779178E+001	 2,38311379271397E+000	-1,84514653907125E-001	2,38337838284278E+000	-2,86501748187276E-001	-2,86533019623817E-001	1,97967248085417E-002
                      	17112	           5	 7,50000000000000E+000	-1,75000000000000E+001	 1,19530268727301E+001	-1,03108237937016E+001	1,19587730386787E+001	 2,14855368551236E+000	-1,27935667952156E-001	2,14877851885813E+000	-2,08166817117217E-017	-3,86836396248924E-013	5,13492026676943E-013
