    Structural element	 Node	Local number	                 X [m]	                 Y [m]	              N [kN/m]	          N_min [kN/m]	         N_max [kN/m]	              Q [kN/m]	          Q_min [kN/m]	         Q_max [kN/m]	            M [kN m/m]	        M_min [kN m/m]	       M_max [kN m/m]
           Plate\_1\_1	  481	           1	-7,50000000000000E+000	 2,85000000000000E+000	 1,11862322148138E+000	-8,04530658812172E-001	1,11871182848033E+000	 2,89165907869849E+000	-9,36710463384537E-002	2,89271215493922E+000	-2,77555756156289E-017	-6,30523411260242E-013	3,66623398306842E-013
   Element 1-1 (Plate)	  480	           2	-7,50000000000000E+000	 2,51250000000000E+000	-4,45252720233086E+000	-5,26598259238743E+000	5,86208363179141E-005	-1,04465822652820E+001	-1,26420993915753E+001	1,69367103826703E+000	-1,21700348749883E+000	-1,70306000874940E+000	3,13423271299049E-001
                (ERSS)	  479	           3	-7,50000000000000E+000	 2,17500000000000E+000	-1,02176647491123E+001	-1,07781219452398E+001	3,29549126897870E-005	-2,54143701576465E+001	-2,70787179956065E+001	2,47531139895095E+000	-7,24398214699944E+000	-8,39232268638222E+000	1,03419525045104E+000
                      	  478	           4	-7,50000000000000E+000	 1,83750000000000E+000	-1,60273294868830E+001	-1,60273294868830E+001	1,74607721085982E-005	-4,16247255401766E+001	-4,16255470395696E+001	2,57518838288977E+000	-1,85153815718123E+001	-1,99423730927473E+001	1,90081049994095E+000
                      	  482	           5	-7,50000000000000E+000	 1,50000000000000E+000	-2,17320614836629E+001	-2,17320614836629E+001	1,52355267939873E-005	-5,86906693546538E+001	-5,86916477922122E+001	2,52169863006703E+000	-3,54275616487842E+001	-3,62762473975197E+001	2,68589307815659E+000
           Plate\_2\_1	 8264	           1	 7,50000000000000E+000	 2,85000000000000E+000	 1,09051594138427E+000	-8,29799505828942E-001	1,11301454693183E+000	-2,81907455895288E+000	-2,91678239613714E+000	1,15953671072640E-001	 0,00000000000000E+000	-6,68284871885305E-013	5,12059145085786E-013
   Element 2-2 (Plate)	 8265	           2	 7,50000000000000E+000	 2,51250000000000E+000	-4,45942489855762E+000	-5,21686689833524E+000	5,92449883760940E-005	 1,04640071114929E+001	-1,70839787254120E+000	1,30799472368493E+001	 1,23071032653124E+000	-3,10337921539204E-001	1,77794383143419E+000
                (ERSS)	 8266	           3	 7,50000000000000E+000	 2,17500000000000E+000	-1,02216413216807E+001	-1,06949933623915E+001	3,35130310771238E-005	 2,54238479951180E+001	-2,50190406608942E+000	2,77809131927749E+001	 7,26115652841021E+000	-1,03842117448659E+000	8,67337366553357E+000
                      	 8267	           4	 7,50000000000000E+000	 1,83750000000000E+000	-1,60445676146884E+001	-1,60445676146884E+001	1,77458822228144E-005	 4,16681685624868E+001	-2,57509762552508E+000	4,20290570367024E+001	 1,85402000146553E+001	-1,91243710325462E+000	2,04811674972903E+001
                      	 8268	           5	 7,50000000000000E+000	 1,50000000000000E+000	-2,17766380642840E+001	-2,17766380642840E+001	1,51321887008357E-005	 5,88046892841638E+001	-2,49220780802153E+000	5,88073788989457E+001	 3,54780726843451E+001	-2,68516526583893E+000	3,70868594477155E+001
           Plate\_1\_2	  482	           1	-7,50000000000000E+000	 1,50000000000000E+000	-2,18393259737923E+001	-2,18393259737923E+001	1,35585556219019E-005	 1,02539100560960E+002	-1,91366672412358E+001	1,37538814599061E+002	-3,54275616487842E+001	-3,62762473975197E+001	2,68589307815664E+000
   Element 3-3 (Plate)	  467	           2	-7,50000000000000E+000	 1,25000000000000E+000	-2,60877014913332E+001	-2,60877014913332E+001	1,50760266216634E-005	 8,91131862423507E+001	-2,59354310028008E+001	1,26712285178453E+002	-1,14434607359668E+001	-1,64882101945215E+001	3,20982533738254E+000
                (ERSS)	  466	           3	-7,50000000000000E+000	 1,00000000000000E+000	-3,05043720112695E+001	-3,05043720112695E+001	1,67990418941158E-005	 7,46316705645293E+001	-3,35131863006560E+001	1,15739168320774E+002	 9,03268779713959E+000	-2,39142413850680E+001	2,70664461559034E+001
                      	  465	           4	-7,50000000000000E+000	 7,50000000000000E-001	-3,48974147475894E+001	-3,48974147475894E+001	1,86984302756361E-005	 5,95930736016815E+001	-4,16176931969325E+001	1,04883464430919E+002	 2,58346000805464E+001	-3,32925482822566E+001	5,46508489257392E+001
                      	  464	           5	-7,50000000000000E+000	 5,00000000000000E-001	-3,90749069142813E+001	-3,90749069142813E+001	2,07450206026014E-005	 4,44959154279928E+001	-4,99967117537613E+001	9,44091739137810E+001	 3,88327708101349E+001	-4,47416571376446E+001	7,95427348686835E+001
           Plate\_2\_2	 8268	           1	 7,50000000000000E+000	 1,50000000000000E+000	-2,18494577449003E+001	-2,18494577449003E+001	1,35790948467085E-005	-1,02513906336851E+002	-1,36818956885579E+002	1,92760045895379E+001	 3,54780726843451E+001	-2,68516526583915E+000	3,70868594477155E+001
   Element 4-4 (Plate)	 7765	           2	 7,50000000000000E+000	 1,25000000000000E+000	-2,60592547615276E+001	-2,60592547615276E+001	1,50910575623070E-005	-8,91879088676656E+001	-1,26134400142881E+002	2,56257826674706E+001	 1,14897441133892E+001	-3,20663479830589E+000	1,64478638981199E+001
                (ERSS)	 7766	           3	 7,50000000000000E+000	 1,00000000000000E+000	-3,04131075411384E+001	-3,04131075411384E+001	1,67979894368033E-005	-7,48685269000380E+001	-1,15315420148204E+002	3,29691878454318E+001	-9,02517828672026E+000	-2,59749571564133E+001	2,37580845774919E+001
                      	 7767	           4	 7,50000000000000E+000	 7,50000000000000E-001	-3,47310563622714E+001	-3,47310563622714E+001	1,86711199404051E-005	-6,00233656691923E+001	-1,04490372219701E+002	4,11825650859765E+001	-2,59093793390243E+001	-5,34597259948961E+001	3,30087262143010E+001
                      	 7764	           5	 7,50000000000000E+000	 5,00000000000000E-001	-3,88331415034652E+001	-3,88331415034652E+001	2,06816785433204E-005	-4,51200304103527E+001	-9,37876116755259E+001	5,01422593516602E+001	-3,90399813478720E+001	-7,82331080577605E+001	4,44090795459115E+001
           Plate\_1\_3	  464	           1	-7,50000000000000E+000	 5,00000000000000E-001	-3,93172010418359E+001	-3,93172010418359E+001	2,06659355514839E-005	 4,38447118824874E+001	-5,00605130992012E+001	9,42937164280483E+001	 3,88327708101349E+001	-4,47416571376446E+001	7,95427348686834E+001
  Element 6-10 (Plate)	  295	           2	-7,50000000000000E+000	 8,33333333333334E-002	-4,63353456360520E+001	-4,63353456360520E+001	2,40521324362777E-005	 1,72009332932671E+001	-6,07454983807520E+001	7,74577900012534E+001	 5,15873873004450E+001	-6,79720641224413E+001	1,15338415315022E+002
                (ERSS)	  294	           3	-7,50000000000000E+000	-3,33333333333333E-001	-5,32324607263759E+001	-5,32324607263759E+001	2,67597521124479E-005	-1,09195245835240E+001	-6,66371333871077E+001	5,94690978355533E+001	 5,29663445607404E+001	-9,46992803919498E+001	1,43940517778501E+002
                      	  293	           4	-7,50000000000000E+000	-7,50000000000000E-001	-6,01454845683014E+001	-6,01454845683014E+001	2,87848896072836E-005	-4,08793504492927E+001	-6,70899469731966E+001	3,98092375815115E+001	 4,22303501551709E+001	-1,22711900862116E+002	1,64675468208776E+002
                      	  292	           5	-7,50000000000000E+000	-1,16666666666667E+000	-6,72113554173226E+001	-6,72113554173226E+001	3,01236399480740E-005	-7,30412330054460E+001	-7,30412330054460E+001	1,79598068896914E+001	 1,85900929063367E+001	-1,49737647298188E+002	1,76801291573951E+002
           Plate\_1\_3	  292	           1	-7,50000000000000E+000	-1,16666666666667E+000	-6,71906841801205E+001	-6,71906841801205E+001	3,01603082569672E-005	-7,29924229635106E+001	-7,29924229635106E+001	1,80198293001490E+001	 1,85900929063366E+001	-1,49737647298188E+002	1,76801291573950E+002
  Element 6-11 (Plate)	   45	           2	-7,50000000000000E+000	-1,37500000000000E+000	-7,03453240801963E+001	-7,03453240801963E+001	3,06262972500084E-005	-8,88009856717644E+001	-8,88009856717644E+001	7,63725393572977E+000	 1,74442885792277E+000	-1,62460263229564E+002	1,79475691091839E+002
                (ERSS)	   44	           3	-7,50000000000000E+000	-1,58333333333333E+000	-7,33964776873035E+001	-7,33964776873035E+001	3,09866641192983E-005	-1,04773883076869E+002	-1,04773883076869E+002	0,00000000000000E+000	-1,84233213259691E+001	-1,74567309293706E+002	1,79967273218360E+002
                      	   43	           4	-7,50000000000000E+000	-1,79166666666667E+000	-7,63348199577910E+001	-7,63348199577910E+001	3,12450283950933E-005	-1,20874658260234E+002	-1,20874658260234E+002	1,63293243023406E-006	-4,19303205940933E+001	-1,86163408176213E+002	1,78205741853232E+002
                      	   66	           5	-7,50000000000000E+000	-2,00000000000000E+000	-7,91510258480077E+001	-7,91510258480077E+001	3,14050096076500E-005	-1,37066854303268E+002	-1,37066854303268E+002	9,91590015967349E-006	-6,87925100813478E+001	-1,97375489600717E+002	1,74112694409208E+002
           Plate\_2\_3	 7764	           1	 7,50000000000000E+000	 5,00000000000000E-001	-3,90686041523227E+001	-3,90686041523227E+001	2,06077551849727E-005	-4,45079864050798E+001	-9,41548344003503E+001	4,96937272266754E+001	-3,90399813478720E+001	-7,82331080577604E+001	4,44090795459115E+001
  Element 9-16 (Plate)	 7671	           2	 7,50000000000000E+000	 8,33333333333334E-002	-4,61702148070222E+001	-4,61702148070222E+001	2,39445532032271E-005	-1,76116804479351E+001	-7,73268841282513E+001	6,06422129305713E+001	-5,19452188535434E+001	-1,13906897377630E+002	6,75941866036355E+001
                (ERSS)	 7672	           3	 7,50000000000000E+000	-3,33333333333333E-001	-5,28017572125912E+001	-5,28017572125912E+001	2,66080676307657E-005	 9,79536078996051E+000	-6,01863788197570E+001	6,61274842693362E+001	-5,36764527722264E+001	-1,42662948469715E+002	9,41560088649840E+001
                      	 7673	           4	 7,50000000000000E+000	-7,50000000000000E-001	-5,95348273608292E+001	-5,95348273608292E+001	2,85939728711756E-005	 3,91829570572476E+001	-4,11926413908318E+001	6,60097881731166E+001	-4,35056026113815E+001	-1,63816549499566E+002	1,21815981818029E+002
                      	 8784	           5	 7,50000000000000E+000	-1,16666666666667E+000	-6,69410212435358E+001	-6,69410212435358E+001	2,98979433280444E-005	 7,20209281025666E+001	-1,88049947574403E+001	7,20209281025666E+001	-2,05140561514377E+001	-1,76484866618701E+002	1,48326226189863E+002
           Plate\_2\_3	 8784	           1	 7,50000000000000E+000	-1,16666666666667E+000	-6,68338567765710E+001	-6,68338567765710E+001	2,99361087458120E-005	 7,17484869302274E+001	-1,91113798517620E+001	7,17484869302274E+001	-2,05140561514377E+001	-1,76484866618701E+002	1,48326226189863E+002
  Element 9-17 (Plate)	 8781	           2	 7,50000000000000E+000	-1,37500000000000E+000	-7,03885545122897E+001	-7,03885545122897E+001	3,03867965107412E-005	 8,84269876725452E+001	-8,01085029576316E+000	8,84269876725452E+001	-3,83284864205126E+000	-1,79305580171647E+002	1,60848745265727E+002
                (ERSS)	 8782	           3	 7,50000000000000E+000	-1,58333333333333E+000	-7,37625057095692E+001	-7,37625057095692E+001	3,07348847787052E-005	 1,05073230442138E+002	 0,00000000000000E+000	1,05073230442138E+002	 1,63294895839584E+001	-1,79830758588112E+002	1,72855605949034E+002
                      	 8783	           4	 7,50000000000000E+000	-1,79166666666667E+000	-7,69579136312439E+001	-7,69579136312439E+001	3,09844988019939E-005	 1,21687120651970E+002	-2,63615610278205E-006	1,21687120651970E+002	 3,99555365842085E+001	-1,78059767222115E+002	1,84449416931143E+002
                      	 8800	           5	 7,50000000000000E+000	-2,00000000000000E+000	-7,99769815401479E+001	-7,99769815401479E+001	3,11397638328973E-005	 1,38268563715004E+002	-1,09463170564201E-005	1,38268563715004E+002	 6,70289979643171E+001	-1,73982905045210E+002	1,95748346838799E+002
           Plate\_1\_4	   66	           1	-7,50000000000000E+000	-2,00000000000000E+000	-7,85696648243748E+001	-7,85696648243748E+001	3,14815377162033E-005	-1,35862609771462E+002	-1,35862609771462E+002	1,66080098747388E-005	-6,87925100813478E+001	-1,97375489600717E+002	1,74112694409208E+002
 Element 10-18 (Plate)	   69	           2	-7,50000000000000E+000	-2,12500000000000E+000	-8,27182531340060E+001	-8,27182531340060E+001	3,23747110471971E-005	-1,49372631745241E+002	-1,49372631745241E+002	6,92001531439694E-005	-8,65852517686560E+001	-2,03095341504470E+002	1,70590168608276E+002
                (ERSS)	   68	           3	-7,50000000000000E+000	-2,25000000000000E+000	-8,78029781166958E+001	-8,78029781166958E+001	5,33039875197524E+000	-1,65021701506258E+002	-1,65021701506258E+002	2,03315784406131E+000	-1,06230701708657E+002	-2,06869732026742E+002	1,66295347138527E+002
                      	   67	           4	-7,50000000000000E+000	-2,37500000000000E+000	-9,34819488902566E+001	-9,34819488902566E+001	1,03143634361930E+001	-1,82077673057579E+002	-1,82084901983865E+002	1,30344055807964E+001	-1,27908800984738E+002	-2,08608119319764E+002	1,61201015030380E+002
                      	   80	           5	-7,50000000000000E+000	-2,50000000000000E+000	-9,94132745725003E+001	-9,94132745725003E+001	1,50497841916181E+001	-1,99808400402272E+002	-1,99820932450890E+002	2,39428124859757E+001	-1,51772265695971E+002	-2,08241439009808E+002	1,55278281720243E+002
           Plate\_2\_4	 8800	           1	 7,50000000000000E+000	-2,00000000000000E+000	-7,92566330951455E+001	-7,92566330951455E+001	3,12405532378770E-005	 1,36786765357539E+002	-1,75836277253386E-005	1,36786765357539E+002	 6,70289979643172E+001	-1,73982905045210E+002	1,95748346838799E+002
 Element 13-21 (Plate)	 8801	           2	 7,50000000000000E+000	-2,12500000000000E+000	-8,36456747604747E+001	-8,36456747604747E+001	3,20838894584596E-005	 1,50814340059292E+002	-7,02239475607264E-005	1,50814340059292E+002	 8,49780291474942E+001	-1,70468504942333E+002	2,01421393810980E+002
                (ERSS)	 8802	           3	 7,50000000000000E+000	-2,25000000000000E+000	-8,88028227284913E+001	-8,88028227284913E+001	4,97930797140679E+000	 1,66622872714921E+002	-2,36928622762137E+000	1,66624068766540E+002	 1,04809549261219E+002	-1,66176708714298E+002	2,05141110417399E+002
                      	 8803	           4	 7,50000000000000E+000	-2,37500000000000E+000	-9,45934871145968E+001	-9,45934871145968E+001	9,70668228489696E+000	 1,83922004278043E+002	-1,31898546972565E+001	1,83928030852335E+002	 1,26705449180357E+002	-1,61072122893393E+002	2,07027570314734E+002
                      	 8804	           5	 7,50000000000000E+000	-2,50000000000000E+000	-1,00883078034193E+002	-1,00883078034193E+002	1,41919310635203E+001	 2,02421375702274E+002	-2,45273856995393E+001	2,02430849398344E+002	 1,50837234510020E+002	-1,55115308525646E+002	2,07278390102339E+002
           Plate\_1\_5	   80	           1	-7,50000000000000E+000	-2,50000000000000E+000	-9,87060911434622E+001	-9,87060911434622E+001	1,55435445584022E+001	 2,75525870353290E+002	-6,11579908256734E+001	2,75525870353290E+002	-1,51772265695971E+002	-2,08241439009808E+002	1,55278281720243E+002
 Element 14-22 (Plate)	   83	           2	-7,50000000000000E+000	-2,75000000000000E+000	-1,08683280757720E+002	-1,08686244866554E+002	2,29201412442731E+001	 2,43685738613013E+002	-6,85931679756814E+001	2,43685738613013E+002	-8,69156260178797E+001	-2,02058387357358E+002	1,40695046038219E+002
                (ERSS)	   82	           3	-7,50000000000000E+000	-3,00000000000000E+000	-1,17234612869713E+002	-1,17234866940246E+002	2,90086937631342E+001	 2,14257762044600E+002	-8,01740189880030E+001	2,14257762044600E+002	-2,97438833010428E+001	-1,89241376362782E+002	1,22600378581231E+002
                      	   81	           4	-7,50000000000000E+000	-3,25000000000000E+000	-1,23957935259330E+002	-1,23957935259330E+002	3,38211921280930E+001	 1,88148055359964E+002	-9,64477853178167E+001	1,88148055359964E+002	 2,05143870937872E+001	-1,71062098356399E+002	1,02724669648978E+002
                      	  188	           5	-7,50000000000000E+000	-3,50000000000000E+000	-1,28451095706459E+002	-1,28451095706459E+002	3,73696263522570E+001	 1,66262733271019E+002	-1,14959449388473E+002	1,66262733271019E+002	 6,46973819130257E+001	-1,60787721839846E+002	9,78521009320465E+001
           Plate\_2\_5	 8804	           1	 7,50000000000000E+000	-2,50000000000000E+000	-1,00399599305374E+002	-1,00399599305374E+002	1,44891554236714E+001	-2,72451121903391E+002	-2,72451121903391E+002	6,11634565013077E+001	 1,50837234510020E+002	-1,55115308525646E+002	2,07278390102339E+002
 Element 17-25 (Plate)	 8642	           2	 7,50000000000000E+000	-2,75000000000000E+000	-1,10089147577799E+002	-1,10089147577799E+002	2,20449658375132E+001	-2,41192894171449E+002	-2,41192894171449E+002	6,85894002673495E+001	 8,66238696908074E+001	-1,40409856759407E+002	2,01615454360809E+002
                (ERSS)	 8643	           3	 7,50000000000000E+000	-3,00000000000000E+000	-1,18953933682699E+002	-1,18953933682699E+002	2,80849363706563E+001	-2,11125498132271E+002	-2,11125498132271E+002	8,05596188309315E+001	 3,01751488573957E+001	-1,22184539148409E+002	1,89316494695250E+002
                      	 8644	           4	 7,50000000000000E+000	-3,25000000000000E+000	-1,25979256451291E+002	-1,25979256451291E+002	3,28155140692901E+001	-1,84418672558294E+002	-1,84418672558294E+002	9,67703458897097E+001	-1,92431726705772E+001	-1,02811641704657E+002	1,71578898703289E+002
                      	 9799	           5	 7,50000000000000E+000	-3,50000000000000E+000	-1,30150414714790E+002	-1,30150414714790E+002	3,64431459796041E+001	-1,63242156221952E+002	-1,63242156221952E+002	1,15464007594358E+002	-6,25283458218503E+001	-9,62722535624849E+001	1,60776974325916E+002
           Plate\_1\_6	  188	           1	-7,50000000000000E+000	-3,50000000000000E+000	-1,28202961053847E+002	-1,28202961053847E+002	4,03317928497430E+001	 1,66787711272302E+002	-1,18663366264921E+002	1,66787711272302E+002	 6,46973819130257E+001	-1,60787721839846E+002	9,78521009320465E+001
 Element 18-26 (Plate)	  191	           2	-7,50000000000000E+000	-3,87500000000000E+000	-1,34204299937541E+002	-1,34204299937541E+002	3,89848003837034E+001	 1,34541357127289E+002	-1,23684381935101E+002	1,34541357127289E+002	 1,21029360796889E+002	-1,57347931387006E+002	1,21029360796889E+002
                (ERSS)	  190	           3	-7,50000000000000E+000	-4,25000000000000E+000	-1,38148456609944E+002	-1,38148456609944E+002	3,74503156609274E+001	 1,05406905378999E+002	-1,23386457039271E+002	1,05406905378999E+002	 1,66027518628275E+002	-1,59485756366087E+002	1,66027518628275E+002
                      	  189	           4	-7,50000000000000E+000	-4,62500000000000E+000	-1,40899270603432E+002	-1,40899270603432E+002	3,57511829795831E+001	 7,75664539535443E+001	-1,18453914652087E+002	8,12989311802042E+001	 2,00264473154444E+002	-1,62951796219039E+002	2,00264473154444E+002
                      	  416	           5	-7,50000000000000E+000	-5,00000000000000E+000	-1,43320581450383E+002	-1,43320581450383E+002	4,01085665993626E+001	 4,92021007770352E+001	-1,10407098752452E+002	7,74527807091294E+001	 2,24101568121483E+002	-1,68315206385771E+002	2,24101568121483E+002
           Plate\_2\_6	 9799	           1	 7,50000000000000E+000	-3,50000000000000E+000	-1,30553926051383E+002	-1,30553926051383E+002	3,93919899338932E+001	-1,62375907036698E+002	-1,62375907036698E+002	1,18280385471828E+002	-6,25283458218503E+001	-9,62722535624849E+001	1,60776974325916E+002
 Element 21-29 (Plate)	 9800	           2	 7,50000000000000E+000	-3,87500000000000E+000	-1,34982310092015E+002	-1,34982310092015E+002	3,81204325987477E+001	-1,33456982506976E+002	-1,33456982506976E+002	1,24887820095806E+002	-1,17906513135970E+002	-1,20782411466899E+002	1,57060679655425E+002
                (ERSS)	 9801	           3	 7,50000000000000E+000	-4,25000000000000E+000	-1,38104803713741E+002	-1,38104803713741E+002	3,66387088501262E+001	-1,06055454919536E+002	-1,06055454919536E+002	1,24069917909684E+002	-1,62828253900338E+002	-1,62828253900338E+002	1,59044331286611E+002
                      	 9802	           4	 7,50000000000000E+000	-4,62500000000000E+000	-1,40387133406449E+002	-1,40387133406449E+002	3,49735305653735E+001	-7,91874172724128E+001	-8,11723848645340E+001	1,17786113560388E+002	-1,97533137410303E+002	-1,97533137410303E+002	1,62407431892300E+002
                      	10469	           5	 7,50000000000000E+000	-5,00000000000000E+000	-1,42295025660021E+002	-1,42295025660021E+002	3,97136455919448E+001	-5,18689625636400E+001	-7,76658174548659E+001	1,07995841694840E+002	-2,22144947153983E+002	-2,22144999199246E+002	1,66262183883502E+002
           Plate\_1\_7	  416	           1	-7,50000000000000E+000	-5,00000000000000E+000	-1,43214191969324E+002	-1,43214191969324E+002	4,09017038929366E+001	 4,94224070983926E+001	-1,08898270164973E+002	7,85398776498060E+001	 2,24101568121483E+002	-1,68315206385771E+002	2,24101568121483E+002
 Element 22-30 (Plate)	  419	           2	-7,50000000000000E+000	-5,13750000000000E+000	-1,44048760236967E+002	-1,44048760236967E+002	4,55939766530369E+001	 3,88252856109068E+001	-1,03233592651134E+002	7,92334119574796E+001	 2,30169189333849E+002	-1,69463992822479E+002	2,30169189333849E+002
                (ERSS)	  418	           3	-7,50000000000000E+000	-5,27500000000000E+000	-1,44870912852737E+002	-1,44870912852737E+002	4,94429544003687E+001	 2,80797838841250E+001	-9,97700527749494E+001	8,18123414910688E+001	 2,34771133677013E+002	-1,70342895977704E+002	2,34771133677013E+002
                      	  417	           4	-7,50000000000000E+000	-5,41250000000000E+000	-1,45679348009468E+002	-1,45679348009468E+002	5,25703970441038E+001	 1,71952309240050E+001	-9,63266606506662E+001	8,20272438596854E+001	 2,37886544753670E+002	-1,70016652759444E+002	2,37886544753670E+002
                      	  493	           5	-7,50000000000000E+000	-5,55000000000000E+000	-1,46472763899994E+002	-1,46472763899994E+002	5,67733040469499E+001	 6,18095573650442E+000	-9,13969576988314E+001	8,50248742117465E+001	 2,39494470589776E+002	-1,74341870621914E+002	2,39495531794659E+002
           Plate\_2\_7	10469	           1	 7,50000000000000E+000	-5,00000000000000E+000	-1,42388408042952E+002	-1,42388408042952E+002	4,04418044635754E+001	-5,16647931365620E+001	-7,85081729144841E+001	1,07686535322118E+002	-2,22144947153983E+002	-2,22144999199246E+002	1,66262183883503E+002
 Element 25-33 (Plate)	10470	           2	 7,50000000000000E+000	-5,13750000000000E+000	-1,43092654922536E+002	-1,43092654922536E+002	4,51564240251385E+001	-4,13331507661478E+001	-7,92537088094264E+001	1,02547247636776E+002	-2,28541256703032E+002	-2,28545333944416E+002	1,67388119101521E+002
                (ERSS)	10471	           3	 7,50000000000000E+000	-5,27500000000000E+000	-1,43836615713578E+002	-1,43836615713578E+002	4,90154612472006E+001	-3,07380568071484E+001	-8,16818174470434E+001	1,01326667494299E+002	-2,33498329130423E+002	-2,33508098550799E+002	1,68520485374394E+002
                      	10472	           4	 7,50000000000000E+000	-5,41250000000000E+000	-1,44584995968553E+002	-1,44584995968553E+002	5,25774762967114E+001	-1,99626488639118E+001	-8,18417673706548E+001	9,81206350628455E+001	-2,36987915930697E+002	-2,37006031678832E+002	1,69106573307099E+002
                      	10488	           5	 7,50000000000000E+000	-5,55000000000000E+000	-1,45302501239930E+002	-1,45302501239930E+002	5,67605983120988E+001	-9,09006454078618E+000	-8,46555387360919E+001	8,84812316130301E+001	-2,38984772067802E+002	-2,39013132061417E+002	1,74026869363399E+002
           Plate\_1\_8	  493	           1	-7,50000000000000E+000	-5,55000000000000E+000	-1,46479096190325E+002	-1,46479096190325E+002	5,67049493887807E+001	 6,16327783892023E+000	-8,97453832924310E+001	8,49817955254087E+001	 2,39494470589776E+002	-1,74341870621914E+002	2,39495531794659E+002
 Element 27-49 (Plate)	  496	           2	-7,50000000000000E+000	-5,66250000000000E+000	-1,47121124554893E+002	-1,47121124554893E+002	5,98076859906394E+001	-2,95766412486179E+000	-8,54781938692351E+001	8,45244902856059E+001	 2,39676180584928E+002	-1,79275946347222E+002	2,39681988497140E+002
                (ERSS)	  495	           3	-7,50000000000000E+000	-5,77500000000000E+000	-1,47764016460688E+002	-1,47764016460688E+002	6,33207182585851E+001	-1,21987208177044E+001	-8,05031339655983E+001	8,71957120323830E+001	 2,38824010310283E+002	-1,84471050815245E+002	2,38835409805367E+002
                      	  494	           4	-7,50000000000000E+000	-5,88750000000000E+000	-1,48401551016093E+002	-1,48401551016093E+002	6,73367310876735E+001	-2,15412311069541E+001	-7,57691796729860E+001	8,80504322050792E+001	 2,36927031612244E+002	-1,89622621024517E+002	2,36947327414912E+002
                      	  881	           5	-7,50000000000000E+000	-6,00000000000000E+000	-1,49027507329492E+002	-1,49027507329492E+002	7,08362633970255E+001	-3,09665338599573E+001	-7,24001204624031E+001	8,91925040988587E+001	 2,33974614192787E+002	-1,94566135252983E+002	2,34005250954157E+002
           Plate\_2\_8	10488	           1	 7,50000000000000E+000	-5,55000000000000E+000	-1,45319421240554E+002	-1,45319421240554E+002	5,66967826282475E+001	-9,05040229196310E+000	-8,46420321853521E+001	8,77883333160877E+001	-2,38984772067801E+002	-2,39013132061417E+002	1,74026869363399E+002
 Element 30-52 (Plate)	10489	           2	 7,50000000000000E+000	-5,66250000000000E+000	-1,45927529897755E+002	-1,45927529897755E+002	5,99313242758039E+001	 1,32719184345635E-002	-8,41558172126200E+001	8,22364489154838E+001	-2,39494522702209E+002	-2,39532618851247E+002	1,80141370259221E+002
                (ERSS)	10490	           3	 7,50000000000000E+000	-5,77500000000000E+000	-1,46538094815209E+002	-1,46538094815209E+002	6,30094261379074E+001	 9,20197278856337E+000	-8,68605936350465E+001	7,72847023965258E+001	-2,38976585647606E+002	-2,39025727423230E+002	1,85458289405881E+002
                      	10491	           4	 7,50000000000000E+000	-5,88750000000000E+000	-1,47142423592758E+002	-1,47142423592758E+002	6,70297100734868E+001	 1,84920215077983E+001	-8,74334003962059E+001	7,47935535575504E+001	-2,37419801828458E+002	-2,37481571414695E+002	1,90011332004985E+002
                      	10492	           5	 7,50000000000000E+000	-6,00000000000000E+000	-1,47731823830243E+002	-1,47731823830243E+002	7,06349787586906E+001	 2,78597392655142E+001	-8,84947299214520E+001	7,25160769147130E+001	-2,34813484003895E+002	-2,34889752880946E+002	1,93785081136870E+002
           Plate\_1\_9	  881	           1	-7,50000000000000E+000	-6,00000000000000E+000	-1,49031028469703E+002	-1,49031028469703E+002	7,16175285529978E+001	-3,06840840769008E+001	-7,14450665845569E+001	9,06136099299145E+001	 2,33974614192787E+002	-1,94566135252983E+002	2,34005250954157E+002
 Element 31-53 (Plate)	  884	           2	-7,50000000000000E+000	-6,25000000000000E+000	-1,50322572552489E+002	-1,50322572552489E+002	7,81716619025902E+001	-5,18375876586543E+001	-7,56841860236385E+001	9,07128614494355E+001	 2,23674813612073E+002	-2,00485677741123E+002	2,23674813612073E+002
                (ERSS)	  883	           3	-7,50000000000000E+000	-6,50000000000000E+000	-1,51648285556324E+002	-1,51648285556324E+002	8,48649980732420E+001	-7,36242793488858E+001	-8,55820616335291E+001	9,11654903357801E+001	 2,08001716335743E+002	-2,02120426142226E+002	2,08001716335743E+002
                      	  882	           4	-7,50000000000000E+000	-6,75000000000000E+000	-1,53033247614489E+002	-1,53033247614489E+002	9,13920616911464E+001	-9,60831001598571E+001	-1,02774083226447E+002	9,13429742331867E+001	 1,86798185721794E+002	-1,97343942493081E+002	1,86798185721794E+002
                      	 1868	           5	-7,50000000000000E+000	-7,00000000000000E+000	-1,54502538860266E+002	-1,54502538860266E+002	9,67887287757033E+001	-1,19252991103830E+002	-1,22136119013139E+002	9,32383652569280E+001	 1,59902308386849E+002	-1,86539057159427E+002	1,59902308386849E+002
           Plate\_2\_9	10492	           1	 7,50000000000000E+000	-6,00000000000000E+000	-1,47739024320309E+002	-1,47739024320309E+002	7,13638599585845E+001	 2,75792495259892E+001	-8,98614993752553E+001	7,27997492030073E+001	-2,34813484003895E+002	-2,34889752880946E+002	1,93785081136870E+002
 Element 34-56 (Plate)	10136	           2	 7,50000000000000E+000	-6,25000000000000E+000	-1,49034940419399E+002	-1,49034940419399E+002	7,84879232877575E+001	 4,87506568499361E+001	-8,93226223579763E+001	7,65097925925923E+001	-2,25287370098859E+002	-2,25325267963266E+002	1,97972678956106E+002
                (ERSS)	10137	           3	 7,50000000000000E+000	-6,50000000000000E+000	-1,50346615762618E+002	-1,50346615762618E+002	8,58387218358267E+001	 7,05169809523450E+001	-9,00412745670602E+001	8,78443652095985E+001	-2,10386782003200E+002	-2,10388373664798E+002	1,98946841986683E+002
                      	10138	           4	 7,50000000000000E+000	-6,75000000000000E+000	-1,51683824145910E+002	-1,51683824145910E+002	9,17411616399180E+001	 9,28849077141525E+001	-9,10258959456482E+001	1,04344852018362E+002	-1,89970624511152E+002	-1,89970624511152E+002	1,93783691649207E+002
                      	10135	           5	 7,50000000000000E+000	-7,00000000000000E+000	-1,53056339365223E+002	-1,53056339365223E+002	9,58539526130850E+001	 1,15861123016295E+002	-9,41821799523498E+001	1,22734584123995E+002	-1,63895487979109E+002	-1,63895487979109E+002	1,82691290262182E+002
          Plate\_1\_10	 1868	           1	-7,50000000000000E+000	-7,00000000000000E+000	-1,54031945382186E+002	-1,54031945382186E+002	9,96811208689658E+001	-1,18261385720492E+002	-1,18345874731392E+002	9,91130139783857E+001	 1,59902308386849E+002	-1,86539057159427E+002	1,59902308386849E+002
 Element 35-57 (Plate)	 1871	           2	-7,50000000000000E+000	-7,38750000000000E+000	-1,47683336893753E+002	-1,47683336893753E+002	1,06718815116202E+002	-1,38535266799420E+002	-1,38629928417172E+002	9,65671265958082E+001	 1,09746944660759E+002	-1,71187692743482E+002	1,09746944660759E+002
                (ERSS)	 1870	           3	-7,50000000000000E+000	-7,77500000000000E+000	-1,37645863836134E+002	-1,37645863836134E+002	1,16750018485196E+002	-1,50045209298008E+002	-1,50046255160161E+002	1,02125442808448E+002	 5,37548644883217E+001	-1,59042029460966E+002	5,37548644883217E+001
                      	 1869	           4	-7,50000000000000E+000	-8,16250000000000E+000	-1,25780633876711E+002	-1,25780633876711E+002	1,19581002706095E+002	-1,56719560321436E+002	-1,56719560321436E+002	9,52910349727621E+001	-5,94070578733091E+000	-1,59724666985468E+002	5,15326289732548E+000
                      	 1888	           5	-7,50000000000000E+000	-8,55000000000000E+000	-1,13948754682866E+002	-1,13948754682866E+002	1,15343784521667E+002	-1,62486666974886E+002	-1,62486666974886E+002	8,13635472653509E+001	-6,76716530509952E+001	-1,66070544404705E+002	4,81712349725052E+000
          Plate\_2\_10	10135	           1	 7,50000000000000E+000	-7,00000000000000E+000	-1,51849286011960E+002	-1,51849286011960E+002	9,86633330176983E+001	 1,13298294419333E+002	-9,91939173177795E+001	1,19789403187213E+002	-1,63895487979109E+002	-1,63895487979109E+002	1,82691290262182E+002
 Element 38-60 (Plate)	10118	           2	 7,50000000000000E+000	-7,38750000000000E+000	-1,45246772060247E+002	-1,45246772060247E+002	1,08596505471093E+002	 1,33052177041571E+002	-9,73753698587005E+001	1,33063302977860E+002	-1,15896585245326E+002	-1,15896585245326E+002	1,68302551935827E+002
                (ERSS)	10119	           3	 7,50000000000000E+000	-7,77500000000000E+000	-1,35860950933321E+002	-1,35860950933321E+002	1,17770285619989E+002	 1,45877719201025E+002	-1,01362400031394E+002	1,45877719201025E+002	-6,17110536663495E+001	-6,17110536663495E+001	1,58843284400556E+002
                      	10120	           4	 7,50000000000000E+000	-8,16250000000000E+000	-1,24498510925857E+002	-1,24498510925857E+002	1,19825278587582E+002	 1,53484229833177E+002	-9,42107046302636E+001	1,53484229833177E+002	-3,48898708402111E+000	-5,06125886751193E+000	1,53192464144511E+002
                      	10285	           5	 7,50000000000000E+000	-8,55000000000000E+000	-1,11966140332531E+002	-1,11966140332531E+002	1,15495143337681E+002	 1,57581017873513E+002	-8,01831691873213E+001	1,57581017873513E+002	 5,68226951433944E+001	-4,73510864442921E+000	1,68398596349932E+002
          Plate\_1\_11	 1888	           1	-7,50000000000000E+000	-8,55000000000000E+000	-1,11739441396455E+002	-1,11739441396455E+002	1,17269508616524E+002	-1,57754733335385E+002	-1,57754733335385E+002	8,18760271926384E+001	-6,76716530509951E+001	-1,66070544404705E+002	4,81712349725056E+000
 Element 40-71 (Plate)	 1891	           2	-7,50000000000000E+000	-8,72500000000000E+000	-1,05547782563671E+002	-1,05547782563671E+002	1,16448606644791E+002	-1,58230511779811E+002	-1,58230511779811E+002	7,78975431931376E+001	-9,53988496470032E+001	-1,74918404786811E+002	4,27102844866605E+000
                (ERSS)	 1890	           3	-7,50000000000000E+000	-8,90000000000000E+000	-9,68496093959345E+001	-9,68496093959345E+001	1,15524505450205E+002	-1,53186936547398E+002	-1,53186936547398E+002	7,55197346303934E+001	-1,22727130177393E+002	-1,86116198703231E+002	3,60289631769160E+000
                      	 1889	           4	-7,50000000000000E+000	-9,07500000000000E+000	-8,57865896553062E+001	-8,57865896553062E+001	1,14501595262573E+002	-1,42917747589292E+002	-1,42917747589292E+002	7,52568536193603E+001	-1,48722004940721E+002	-1,98617782957106E+002	2,71693658263533E+000
                      	 1908	           5	-7,50000000000000E+000	-9,25000000000000E+000	-7,25003911038471E+001	-7,25003911038471E+001	1,13384266311700E+002	-1,27716684856641E+002	-1,27716684856641E+002	7,46280252233169E+001	-1,72464213384281E+002	-2,11677926199540E+002	1,59811594475267E+000
          Plate\_2\_11	10285	           1	 7,50000000000000E+000	-8,55000000000000E+000	-1,13634619747770E+002	-1,13634619747770E+002	1,17323309642236E+002	 1,61608866233581E+002	-8,16974612075419E+001	1,61663118190586E+002	 5,68226951433944E+001	-4,73510864442901E+000	1,68398596349932E+002
 Element 41-72 (Plate)	10286	           2	 7,50000000000000E+000	-8,72500000000000E+000	-1,07660549997300E+002	-1,07660549997300E+002	1,16447667591736E+002	 1,61018719708327E+002	-7,78890147700285E+001	1,61028557529428E+002	 8,51657822239864E+001	-4,20605498843715E+000	1,71895960559638E+002
                (ERSS)	10287	           3	 7,50000000000000E+000	-8,90000000000000E+000	-9,83838257280255E+001	-9,83838257280255E+001	1,15476278230088E+002	 1,53906282182251E+002	-7,64462375811863E+001	1,53910368365612E+002	 1,12781980066008E+002	-3,53878116261400E+000	1,78953369603298E+002
                      	10288	           4	 7,50000000000000E+000	-9,07500000000000E+000	-8,66267964499053E+001	-8,66267964499053E+001	1,14414091313685E+002	 1,41909441176716E+002	-7,47245788365665E+001	1,41924268633287E+002	 1,38760659898765E+002	-2,67036849653002E+000	1,94580774889221E+002
                      	10525	           5	 7,50000000000000E+000	-9,25000000000000E+000	-7,32118116728975E+001	-7,32118116728975E+001	1,13266056598924E+002	 1,26666084213085E+002	-7,21494546722390E+001	1,26685976266604E+002	 1,62278007681590E+002	-1,56902268029040E+000	2,07910446789805E+002
          Plate\_1\_12	 1908	           1	-7,50000000000000E+000	-9,25000000000000E+000	-7,41802918345381E+001	-7,41802918345381E+001	1,13391359626263E+002	-1,30873541443189E+002	-1,30873541443189E+002	7,48432800239556E+001	-1,72464213384281E+002	-2,11677926199540E+002	1,59811594475273E+000
 Element 42-73 (Plate)	 1911	           2	-7,50000000000000E+000	-9,37500000000000E+000	-6,32036546371071E+001	-6,32036546371071E+001	1,12551520917759E+002	-1,17176107318654E+002	-1,17176107318654E+002	7,47569544994420E+001	-1,87973085804648E+002	-2,19741929696281E+002	7,10903663670727E-001
                (ERSS)	 1910	           3	-7,50000000000000E+000	-9,50000000000000E+000	-5,27801008618996E+001	-5,27801008618996E+001	1,11681623214112E+002	-1,02595497825139E+002	-1,02595497825139E+002	7,59470344142221E+001	-2,01720849532335E+002	-2,26067761270838E+002	0,00000000000000E+000
                      	 1909	           4	-7,50000000000000E+000	-9,62500000000000E+000	-4,27624216674219E+001	-5,07980873860254E+001	1,10783336681004E+002	-8,71258308095474E+001	-8,71258308095474E+001	7,79846113872855E+001	-2,13590863794771E+002	-2,30475144777759E+002	0,00000000000000E+000
                      	 2249	           5	-7,50000000000000E+000	-9,75000000000000E+000	-3,30034082121800E+001	-5,07998541359771E+001	1,09858331484115E+002	-7,07612241187821E+001	-7,07612241187821E+001	8,15646050579758E+001	-2,23465649222889E+002	-2,33225382482652E+002	0,00000000000000E+000
          Plate\_2\_12	10525	           1	 7,50000000000000E+000	-9,25000000000000E+000	-7,59709814191962E+001	-7,59709814191962E+001	1,13273237665146E+002	 1,27513255799378E+002	-7,27689078214263E+001	1,27520533033418E+002	 1,62278007681590E+002	-1,56902268029029E+000	2,07910446789805E+002
 Element 43-74 (Plate)	10526	           2	 7,50000000000000E+000	-9,37500000000000E+000	-6,77584223434122E+001	-6,77584223434122E+001	1,12417114355140E+002	 1,17683972058749E+002	-7,21234326319954E+001	1,17683972058749E+002	 1,77646373386970E+002	-6,80145137994751E-001	2,15368344105123E+002
                (ERSS)	10527	           3	 7,50000000000000E+000	-9,50000000000000E+000	-5,85673563205291E+001	-5,85673563205291E+001	1,11534589937972E+002	 1,04225003309994E+002	-7,54407112428196E+001	1,04225003309994E+002	 1,91541105412655E+002	 0,00000000000000E+000	2,20965125027327E+002
                      	10528	           4	 7,50000000000000E+000	-9,62500000000000E+000	-4,90007480543989E+001	-5,07950024691578E+001	1,10627318057381E+002	 8,79872168349185E+001	-7,90612650511014E+001	8,79872168349185E+001	 2,03592924250794E+002	 0,00000000000000E+000	2,24949701568659E+002
                      	10548	           5	 7,50000000000000E+000	-9,75000000000000E+000	-3,96615622488737E+001	-5,07962939303955E+001	1,09696952357104E+002	 6,98214799153295E+001	-8,02125977954567E+001	6,98214799153295E+001	 2,13464360013263E+002	 0,00000000000000E+000	2,26728614120705E+002
          Plate\_1\_13	 2249	           1	-7,50000000000000E+000	-9,75000000000000E+000	-3,30814344618979E+001	-5,07998825479729E+001	1,09860898149303E+002	-7,10419579017513E+001	-7,10419579017513E+001	8,14265224357124E+001	-2,23465649222889E+002	-2,33225382482652E+002	0,00000000000000E+000
 Element 44-75 (Plate)	 2248	           2	-7,50000000000000E+000	-9,81250000000000E+000	-2,86349748528236E+001	-5,07956439640440E+001	1,09392328651284E+002	-6,56132867491860E+001	-6,56132867491860E+001	8,31749531587568E+001	-2,27733346394208E+002	-2,34090033852744E+002	5,62954593507726E-008
                (ERSS)	 2247	           3	-7,50000000000000E+000	-9,87500000000000E+000	-2,46736788695037E+001	-5,07881814690139E+001	1,08921276057643E+002	-6,11998172524447E+001	-6,11998172524447E+001	8,48192535860156E+001	-2,31686065130305E+002	-2,34506900449841E+002	2,11044329838695E-007
                      	 2246	           4	-7,50000000000000E+000	-9,93750000000000E+000	-2,14930854814273E+001	-5,07775257312205E+001	1,08448459973797E+002	-5,84455215632430E+001	-5,84455215632430E+001	8,59859367879633E+001	-2,35419639047855E+002	-2,35419639047855E+002	3,50992976197873E-007
                      	 2270	           5	-7,50000000000000E+000	-1,00000000000000E+001	-1,93887336580836E+001	-5,07637074190015E+001	1,07974600005162E+002	-5,79943718332966E+001	-5,79943718332966E+001	8,66548291272545E+001	-2,39042095708298E+002	-2,39042095708298E+002	4,72108762623114E-007
          Plate\_2\_13	10548	           1	 7,50000000000000E+000	-9,75000000000000E+000	-3,99311514143896E+001	-5,07963154971048E+001	1,09699597265509E+002	 7,04489196672299E+001	-8,08931962740169E+001	7,04489196672299E+001	 2,13464360013263E+002	 0,00000000000000E+000	2,26728614120705E+002
 Element 45-76 (Plate)	10544	           2	 7,50000000000000E+000	-9,81250000000000E+000	-3,51270796855595E+001	-5,07918056591944E+001	1,09229394766796E+002	 6,43616264668162E+001	-8,17795871662659E+001	6,43616264668162E+001	 2,17666687062245E+002	-9,27154991722629E-008	2,26635553578647E+002
                (ERSS)	10545	           3	 7,50000000000000E+000	-9,87500000000000E+000	-3,13358258924480E+001	-5,07840814438118E+001	1,08757414402578E+002	 6,05149903198231E+001	-8,26368007241192E+001	6,05149903198231E+001	 2,21554766616473E+002	-2,48518375924131E-007	2,26174104787997E+002
                      	10546	           4	 7,50000000000000E+000	-9,93750000000000E+000	-2,87401319466985E+001	-5,07731782856305E+001	1,08284401800490E+002	 5,92992220930634E+001	-8,30186545124621E+001	5,92992220930634E+001	 2,25287589301733E+002	-3,89418135583888E-007	2,28400459169156E+002
                      	10547	           5	 7,50000000000000E+000	-1,00000000000000E+001	-2,75227397599544E+001	-5,07591316193241E+001	1,07811102588166E+002	 6,11045326533500E+001	-8,27618712736407E+001	6,11045326533500E+001	 2,29031527234963E+002	-5,11446390140980E-007	2,30720089226045E+002
          Plate\_1\_14	 2270	           1	-7,50000000000000E+000	-1,00000000000000E+001	-1,86061056311514E+001	-5,07634344144461E+001	1,07974583361516E+002	-5,71518820899856E+001	-5,71518820899856E+001	8,65281696365657E+001	-2,39042095708298E+002	-2,39042095708298E+002	4,72108746906340E-007
 Element 46-77 (Plate)	 2273	           2	-7,50000000000000E+000	-1,00625000000000E+001	-1,21090527877643E+001	-5,06555348254962E+001	1,07251881127427E+002	-4,03084697185595E+001	-4,05298181389212E+001	9,19815759985261E+001	-2,42075450377600E+002	-2,42075450377600E+002	5,62084935193748E-007
                (ERSS)	 2272	           3	-7,50000000000000E+000	-1,01250000000000E+001	-6,03088200670198E+000	-5,05467726315083E+001	1,06527048649561E+002	-2,66918991136431E+001	-2,73239631024260E+001	9,68846368704075E+001	-2,44144191201411E+002	-2,44144191201411E+002	6,17274029387363E-007
                      	 2271	           4	-7,50000000000000E+000	-1,01875000000000E+001	-5,12278246465034E-001	-5,04371007968078E+001	1,05800405407894E+002	-1,72524792614786E+001	-1,80382872638245E+001	1,01147651394131E+002	-2,45499686010864E+002	-2,45499686010864E+002	6,43653234948538E-007
                      	 3220	           5	-7,50000000000000E+000	-1,02500000000000E+001	 4,30607353444611E+000	-5,03264722857198E+001	1,05072270882403E+002	-1,29405191483084E+001	-1,35927103324425E+001	1,05423120916151E+002	-2,46411169641837E+002	-2,46411169641837E+002	6,47111919054171E-007
          Plate\_2\_14	10547	           1	 7,50000000000000E+000	-1,00000000000000E+001	-2,64935509537713E+001	-5,07588674428973E+001	1,07810804956821E+002	 6,00239647610912E+001	-8,25453792488241E+001	6,00239647610912E+001	 2,29031527234963E+002	-5,11446369334215E-007	2,30720089226045E+002
 Element 47-78 (Plate)	10330	           2	 7,50000000000000E+000	-1,00625000000000E+001	-2,10221837613125E+001	-5,06505281970099E+001	1,07089480715737E+002	 4,34741660389369E+001	-8,67128522381004E+001	4,34741660389369E+001	 2,32248964227035E+002	-6,01957806521380E-007	2,32849260488800E+002
                (ERSS)	10331	           3	 7,50000000000000E+000	-1,01250000000000E+001	-1,59048429903190E+001	-5,05413313190153E+001	1,06366744601024E+002	 3,05684963365186E+001	-9,12962126267336E+001	3,05724521903496E+001	 2,34539628243248E+002	-6,57343943128145E-007	2,34539628243248E+002
                      	10332	           4	 7,50000000000000E+000	-1,01875000000000E+001	-1,09660456233731E+001	-5,04312302399391E+001	1,05642901613245E+002	 2,18133546511962E+001	-9,62281402472707E+001	2,18374412576635E+001	 2,36157332160448E+002	-6,83631953612844E-007	2,36157332160448E+002
                      	10643	           5	 7,50000000000000E+000	-1,02500000000000E+001	-6,03030864305713E+000	-5,03201783908070E+001	1,04918256752962E+002	 1,77151399803294E+001	-1,02604794640694E+002	1,77502806208473E+001	 2,37365313942026E+002	-6,86759466895686E-007	2,37365313942026E+002
          Plate\_1\_15	 3220	           1	-7,50000000000000E+000	-1,02500000000000E+001	 2,75782104662928E+000	-5,03260448249191E+001	1,05071890723488E+002	-1,47629668493057E+001	-1,54404979166798E+001	1,05739322681905E+002	-2,46411169641837E+002	-2,46411169641837E+002	6,47111922285002E-007
 Element 48-79 (Plate)	 3223	           2	-7,50000000000000E+000	-1,03471228822834E+001	 9,88289020455661E+000	-5,01512108746946E+001	1,03934635139436E+002	-6,35613037977502E+000	-6,93214359382186E+000	1,12948195751678E+002	-2,47443124117630E+002	-2,47443124117630E+002	6,16365864602968E-007
                (ERSS)	 3222	           3	-7,50000000000000E+000	-1,04442457645668E+001	 1,68566034057294E+001	-4,99719735546884E+001	1,02791565930791E+002	 4,01217927393213E+000	-7,87330803958132E-007	1,20533373807159E+002	-2,47588203213620E+002	-2,47588203213620E+002	5,53129024803450E-007
                      	 3221	           4	-7,50000000000000E+000	-1,05413686468502E+001	 2,45624071447766E+001	-4,97883702884822E+001	1,01643647909098E+002	 1,74656236407297E+001	-9,84013952838256E-007	1,27945043114256E+002	-2,46563769850474E+002	-2,46563769850474E+002	4,66328763956901E-007
                      	 3366	           5	-7,50000000000000E+000	-1,06384915291337E+001	 3,38837479163275E+001	-4,96004384996574E+001	1,00491845885900E+002	 3,51278642495317E+001	-1,09553315312236E-006	1,34495563451259E+002	-2,44053545833602E+002	-2,44053545833602E+002	3,64721626271801E-007
          Plate\_1\_15	 3366	           1	-7,50000000000000E+000	-1,06384915291337E+001	 3,31710068217835E+001	-4,96000280319705E+001	1,00492038310773E+002	 3,41090592030413E+001	-1,10766816951723E-006	1,34657984054603E+002	-2,44053545833602E+002	-2,44053545833602E+002	3,64721617660164E-007
 Element 48-80 (Plate)	 3369	           2	-7,50000000000000E+000	-1,07419313894903E+001	 4,17188303151678E+001	-4,93942175160037E+001	9,92617804994211E+001	 5,55570018489050E+001	-1,17069004029311E-006	1,38950873666827E+002	-2,39375178295905E+002	-2,39375178295905E+002	2,46547241159323E-007
                (ERSS)	 3368	           3	-7,50000000000000E+000	-1,08453712498470E+001	 5,01727449868546E+001	-4,91817544536956E+001	9,80289244945641E+001	 7,31452717815640E+001	-1,19398043909448E-006	1,40982677664690E+002	-2,32698324622588E+002	-2,32698324622588E+002	1,23914317435005E-007
                      	 3367	           4	-7,50000000000000E+000	-1,09488111102037E+001	 5,83287171989569E+001	-4,89627147574888E+001	9,67945388651228E+001	 8,78807814065967E+001	-1,18018548375256E-006	1,40729503964827E+002	-2,24337717826885E+002	-2,24337717826885E+002	7,57834421588063E-010
                      	 4246	           5	-7,50000000000000E+000	-1,10522509705603E+001	 6,59827133135875E+001	-4,87371743398263E+001	9,60096559689284E+001	 1,00770443129582E+002	-1,13195129209857E-006	1,40276283857684E+002	-2,14575798671763E+002	-2,14575798671763E+002	0,00000000000000E+000
          Plate\_1\_15	 4246	           1	-7,50000000000000E+000	-1,10522509705603E+001	 6,60534593595964E+001	-4,87367710592088E+001	9,60124205524597E+001	 1,01903573991668E+002	-1,13778471946241E-006	1,40566462925928E+002	-2,14575798671763E+002	-2,14575798671763E+002	0,00000000000000E+000
 Element 48-81 (Plate)	 4247	           2	-7,50000000000000E+000	-1,11624186721261E+001	 7,18584586119106E+001	-4,84885971871984E+001	9,53621707833331E+001	 1,14769693177723E+002	-1,06673784883847E-006	1,37812796665680E+002	-2,02624434002795E+002	-2,02624434002795E+002	0,00000000000000E+000
                (ERSS)	 4248	           3	-7,50000000000000E+000	-1,12725863736919E+001	 7,79503702851190E+001	-4,82313808316093E+001	9,46722255032056E+001	 1,25807252632998E+002	-9,84522831691496E-007	1,37804073316355E+002	-1,89356242519258E+002	-1,89356242519258E+002	0,00000000000000E+000
                      	 4249	           4	-7,50000000000000E+000	-1,13827540752577E+001	 8,43084890069147E+001	-4,79652311481570E+001	9,39813238452141E+001	 1,35261760909551E+002	-8,92514570339153E-007	1,40135050325686E+002	-1,74956338430476E+002	-1,74956338430476E+002	0,00000000000000E+000
                      	 4288	           5	-7,50000000000000E+000	-1,14929217768235E+001	 9,09121094049910E+001	-4,76902572925567E+001	9,57609738532660E+001	 1,43378726559444E+002	-7,92087967099120E-007	1,44477125941873E+002	-1,59601222963104E+002	-1,59601222963104E+002	0,00000000000000E+000
          Plate\_1\_15	 4288	           1	-7,50000000000000E+000	-1,14929217768235E+001	 9,07321497196691E+001	-4,76898244448246E+001	9,58989011392516E+001	 1,43057854887723E+002	-7,94687712705919E-007	1,44072612360839E+002	-1,59601222963104E+002	-1,59601222963104E+002	0,00000000000000E+000
 Element 48-82 (Plate)	 4289	           2	-7,50000000000000E+000	-1,16102549057202E+001	 9,48820826017741E+001	-4,73864331001280E+001	9,71581865364045E+001	 1,45203811384070E+002	-6,87380745092450E-007	1,45203811384070E+002	-1,42645456183250E+002	-1,42645456183250E+002	0,00000000000000E+000
                (ERSS)	 4290	           3	-7,50000000000000E+000	-1,17275880346170E+001	 9,70492034215945E+001	-4,70712726116873E+001	9,79811713922944E+001	 1,42860015957416E+002	-5,83208735999295E-007	1,42860015957416E+002	-1,25705472106643E+002	-1,25705472106643E+002	0,00000000000000E+000
                      	 4291	           4	-7,50000000000000E+000	-1,18449211635137E+001	 9,75583196859771E+001	-4,67444896847617E+001	9,81568889383165E+001	 1,36472853598743E+002	-4,82777959859185E-007	1,36472853598743E+002	-1,09271338294729E+002	-1,09271338294729E+002	3,31943629075671E-003
                      	 5306	           5	-7,50000000000000E+000	-1,19622542924104E+001	 9,67342389017689E+001	-4,64062310246102E+001	9,79336981458290E+001	 1,26488709299040E+002	-3,86694691104851E-007	1,26488709299040E+002	-9,38173263391482E+001	-9,38173263391482E+001	5,15387346639858E-001
          Plate\_1\_15	 5306	           1	-7,50000000000000E+000	-1,19622542924104E+001	 9,71855769363174E+001	-4,64057360729653E+001	9,80337882025750E+001	 1,27229774186845E+002	-3,87424792118680E-007	1,27229774186845E+002	-9,38173263391482E+001	-9,38173263391482E+001	5,15387346639976E-001
 Element 48-83 (Plate)	 5307	           2	-7,50000000000000E+000	-1,20872188958380E+001	 9,69859443419372E+001	-4,60319511798237E+001	9,82807565632408E+001	 1,15406203062733E+002	-2,93144765098227E-007	1,15406203062733E+002	-7,86557827564408E+001	-7,86557827564408E+001	1,02543469145043E+000
                (ERSS)	 5308	           3	-7,50000000000000E+000	-1,22121834992655E+001	 9,69932259721528E+001	-4,56431569011294E+001	9,86253886440961E+001	 1,03324014434068E+002	-2,07447373632377E-007	1,03324014434068E+002	-6,49863843041934E+001	-6,49863843041934E+001	1,54535617958871E+000
                      	 5309	           4	-7,50000000000000E+000	-1,23371481026931E+001	 9,72343731664606E+001	-4,52395411751500E+001	9,89828552708223E+001	 9,11430588533752E+001	-1,30441690259123E-007	9,11430588533752E+001	-5,28302376224863E+001	-5,28302376224863E+001	1,97007527957197E+000
                      	 5336	           5	-7,50000000000000E+000	-1,24621127061207E+001	 9,77363372643574E+001	-4,48212919401532E+001	9,92849890674148E+001	 7,90231868731755E+001	-6,22367875164637E-008	7,90231868731755E+001	-4,22028570011181E+001	-4,22028570011181E+001	2,36892807148107E+000
          Plate\_1\_15	 5336	           1	-7,50000000000000E+000	-1,24621127061207E+001	 9,76812599910374E+001	-4,48206898532977E+001	9,92566411299093E+001	 7,92119654237161E+001	-6,19963142533444E-008	7,92119654237161E+001	-4,22028570011181E+001	-4,22028570011181E+001	2,36892807148100E+000
 Element 48-84 (Plate)	 5337	           2	-7,50000000000000E+000	-1,25952051434966E+001	 9,80570744502735E+001	-4,43580812596127E+001	9,93663960360727E+001	 6,71612134532957E+001	 0,00000000000000E+000	6,71612134532957E+001	-3,24758057172898E+001	-3,24758057172898E+001	2,80403754756200E+000
                (ERSS)	 5338	           3	-7,50000000000000E+000	-1,27282975808726E+001	 9,82741878798926E+001	-4,38764585947499E+001	9,93353669349629E+001	 5,61734615122770E+001	-2,11381862763651E-001	5,61734615122770E+001	-2,42791117397140E+001	-2,42791117397140E+001	3,18428283656953E+000
                      	 5339	           4	-7,50000000000000E+000	-1,28613900182485E+001	 9,83344243207771E+001	-4,33760521027196E+001	9,92022451506964E+001	 4,62755138559109E+001	-5,05301969440154E-001	4,62755138559109E+001	-1,74715020234843E+001	-1,74715020234843E+001	3,52227873011589E+000
                      	 6508	           5	-7,50000000000000E+000	-1,29944824556244E+001	 9,82396078138097E+001	-4,28570920275321E+001	9,89334853784239E+001	 3,74941747394479E+001	-7,92431121037566E-001	3,74941747394479E+001	-1,19110709444029E+001	-1,19110709444029E+001	3,80633616762236E+000
          Plate\_1\_15	 6508	           1	-7,50000000000000E+000	-1,29944824556244E+001	 9,82453056571837E+001	-4,28563158711056E+001	9,89381773062655E+001	 3,74676720928049E+001	-8,11553560665520E-001	3,74676720928049E+001	-1,19110709444029E+001	-1,19110709444029E+001	3,80633616762244E+000
 Element 48-85 (Plate)	 6509	           2	-7,50000000000000E+000	-1,31362313701235E+001	 9,79908420803835E+001	-4,22818695763753E+001	9,85102848530702E+001	 2,94200013940106E+001	-1,08215260649971E+000	2,94200013940106E+001	-7,18516508532048E+000	-7,18516508532048E+000	4,03842584781786E+000
                (ERSS)	 6510	           3	-7,50000000000000E+000	-1,32779802846226E+001	 9,75867979069694E+001	-4,16832550872628E+001	9,79435593903160E+001	 2,25147067219085E+001	-1,33546440700938E+000	2,25147067219085E+001	-3,51674341167907E+000	-3,51674341167907E+000	4,20700312027180E+000
                      	 6511	           4	-7,50000000000000E+000	-1,34197291991216E+001	 9,70346513102874E+001	-4,10607456971221E+001	9,72394364816113E+001	 1,67289061686633E+001	-1,59799303631523E+000	1,67289061686633E+001	-7,47952241324515E-001	-7,47952241324515E-001	4,31757495985892E+000
                      	 6532	           5	-7,50000000000000E+000	-1,35614781136207E+001	 9,63358804636832E+001	-4,04146146993072E+001	9,64868272706436E+001	 1,20397178264395E+001	-1,80349323605403E+000	1,20397178264395E+001	 1,27777923689182E+000	-3,40874407339618E-001	4,30479791186286E+000
          Plate\_1\_15	 6532	           1	-7,50000000000000E+000	-1,35614781136207E+001	 9,63382039868815E+001	-4,04135613580320E+001	9,64891163402541E+001	 1,19458969840058E+001	-1,83559033864219E+000	1,19458969840058E+001	 1,27777923689182E+000	-3,40874407339654E-001	4,30479791186286E+000
 Element 48-86 (Plate)	 6533	           2	-7,50000000000000E+000	-1,37124465319458E+001	 9,54414195153803E+001	-3,96976560044962E+001	9,55724905686638E+001	 7,94657316800053E+000	-2,08818344098892E+000	7,94657316800053E+000	 2,76877638291157E+000	-3,28261163175331E-001	4,24423084136965E+000
                (ERSS)	 6534	           3	-7,50000000000000E+000	-1,38634149502708E+001	 9,43895060604591E+001	-3,89506803997734E+001	9,45019112783313E+001	 4,73162566594769E+000	-2,32329667251868E+000	4,73162566594769E+000	 3,71673352394653E+000	-3,22192580870759E-001	4,15348446195440E+000
                      	 6535	           4	-7,50000000000000E+000	-1,40143833685958E+001	 9,31836229605396E+001	-3,81729419971396E+001	9,32785445154703E+001	 2,26761046702988E+000	-2,49894571029468E+000	2,26761046702988E+000	 4,23552733182466E+000	-3,21735376401859E-001	4,32636344037001E+000
                      	 7778	           5	-7,50000000000000E+000	-1,41653517869209E+001	 9,18249295540432E+001	-3,73647482498708E+001	9,19035563262947E+001	 5,21083560429772E-001	-2,56341713634525E+000	5,21083560429772E-001	 4,43735534759542E+000	-3,26794352035111E-001	4,44044351708473E+000
          Plate\_1\_15	 7778	           1	-7,50000000000000E+000	-1,41653517869209E+001	 9,18243284687781E+001	-3,73632483227723E+001	9,19029271637381E+001	 4,37961098307387E-001	-2,59589196336963E+000	4,37961098307387E-001	 4,43735534759542E+000	-3,26794352035147E-001	4,44044351708471E+000
 Element 48-87 (Plate)	 7779	           2	-7,50000000000000E+000	-1,43261393556448E+001	 9,02116231746520E+001	-3,64665058769475E+001	9,02741065542661E+001	-8,70157775048610E-001	-2,55035471217634E+000	1,80627114058840E-007	 4,39692788069949E+000	-3,37494739090849E-001	4,39692788069949E+000
                (ERSS)	 7780	           3	-7,50000000000000E+000	-1,44869269243687E+001	 8,84243521461017E+001	-3,55290502510412E+001	8,84719484922869E+001	-1,77729880806764E+000	-2,46162698561649E+000	3,01989209872304E-004	 4,17920329218305E+000	-3,46415986829145E-001	4,17920329218305E+000
                      	 7781	           4	-7,50000000000000E+000	-1,46477144930926E+001	 8,64635519139599E+001	-3,45512014378458E+001	8,65043676559964E+001	-2,30842746495585E+000	-2,40086222825711E+000	1,70238404554743E-002	 3,84540254860574E+000	-3,50857694112402E-001	3,84540254860574E+000
                      	 9023	           5	-7,50000000000000E+000	-1,48085020618166E+001	 8,43302590090593E+001	-3,35332794301540E+001	8,43684540155802E+001	-2,48850920991939E+000	-2,49759667731679E+000	4,96479087540984E-002	 3,45548532011400E+000	-3,48288809579861E-001	3,45548532011400E+000
          Plate\_1\_15	 9023	           1	-7,50000000000000E+000	-1,48085020618166E+001	 8,43266560289435E+001	-3,35310362201981E+001	8,43648472098669E+001	-2,53882380466030E+000	-2,54543909510468E+000	4,95457069659770E-002	 3,45548532011400E+000	-3,48288809579915E-001	3,45548532011400E+000
 Element 48-88 (Plate)	 9024	           2	-7,50000000000000E+000	-1,49797474291787E+001	 8,18614890820016E+001	-3,23991598637693E+001	8,18969811893367E+001	-2,50412721191499E+000	-2,50412721191499E+000	1,11528586920719E-001	 3,02146688364285E+000	-3,40149048842901E-001	3,02146688364285E+000
                (ERSS)	 9025	           3	-7,50000000000000E+000	-1,51509927965408E+001	 7,91862674281476E+001	-3,12124734149701E+001	7,92191471440434E+001	-2,32036741855527E+000	-2,32036741855527E+000	1,96376163526738E-001	 2,60649751631205E+000	-3,16117734746089E-001	2,60649751631205E+000
                      	 9026	           4	-7,50000000000000E+000	-1,53222381639029E+001	 7,63018860107666E+001	-2,99712575684727E+001	7,63322409981593E+001	-2,00113355285140E+000	-2,00113355285140E+000	3,32173993696212E-001	 2,23430782081998E+000	-2,73181360278840E-001	2,23430782081998E+000
                      	 9149	           5	-7,50000000000000E+000	-1,54934835312651E+001	 7,32092397732440E+001	-2,86757930189494E+001	7,32371586758569E+001	-1,56001474307361E+000	-1,56001474307361E+000	4,98231175089657E-001	 1,92793322363714E+000	-2,10626321500320E-001	1,92793322363714E+000
          Plate\_1\_15	 9149	           1	-7,50000000000000E+000	-1,54934835312651E+001	 7,32012579129487E+001	-2,86722611463190E+001	7,32291722980704E+001	-1,59225099696478E+000	-1,59225099696478E+000	4,90931964211257E-001	 1,92793322363715E+000	-2,10626321500418E-001	1,92793322363715E+000
 Element 48-89 (Plate)	 9150	           2	-7,50000000000000E+000	-1,56758668838820E+001	 6,96675161147172E+001	-2,72271324385151E+001	6,96929243212786E+001	-1,06472225054287E+000	-1,06472225054287E+000	6,96570081021323E-001	 1,68567403709134E+000	-1,85242395192638E-001	1,68567403709134E+000
                (ERSS)	 9151	           3	-7,50000000000000E+000	-1,58582502364989E+001	 6,58643509204396E+001	-2,57055093476192E+001	6,58873343479591E+001	-5,49916847308344E-001	-5,49916847308344E-001	9,12460057603643E-001	 1,53895203324295E+000	-1,65463877616442E-001	1,53895203324295E+000
                      	 9152	           4	-7,50000000000000E+000	-1,60406335891158E+001	 6,17921595768748E+001	-2,41074973831950E+001	6,18128002801481E+001	-6,07822744751840E-002	-6,07822744751840E-002	1,12715595909907E+000	 1,48347651782851E+000	-1,53752081197307E-001	1,48347651782851E+000
                      	 9365	           5	-7,50000000000000E+000	-1,62230169417327E+001	 5,74513393307821E+001	-2,24332020548061E+001	5,74697200198817E+001	 3,89733980742632E-001	-2,48031420437202E-007	1,34916152783624E+000	 1,51426701955053E+000	-1,36897834943487E-001	1,56134659008518E+000
          Plate\_1\_15	 9365	           1	-7,50000000000000E+000	-1,62230169417327E+001	 5,74366600857430E+001	-2,24273391596013E+001	5,74550357000885E+001	 2,73406155154329E-001	-2,16550875922253E-007	1,23987481807327E+000	 1,51426701955052E+000	-1,36897834943581E-001	1,56134659008519E+000
 Element 48-90 (Plate)	 9366	           2	-7,50000000000000E+000	-1,64172627062995E+001	 5,24925673014290E+001	-2,05510111577930E+001	5,25086163919406E+001	 6,89624320627992E-001	-1,95190931505034E-007	1,46691065065456E+000	 1,61466266748741E+000	-1,12672193299299E-001	1,72789872830249E+000
                (ERSS)	 9367	           3	-7,50000000000000E+000	-1,66115084708664E+001	 4,71775413029183E+001	-1,85629581320382E+001	4,71913359418599E+001	 5,63967758395382E-001	-1,49457581127875E-008	1,15551809676996E+000	 1,74833526719222E+000	-8,09337923642802E-002	1,93218166314665E+000
                      	 9368	           4	-7,50000000000000E+000	-1,68057542354332E+001	 4,14893817949714E+001	-1,64622065463158E+001	4,15009938596656E+001	-2,16124381471082E-001	-2,16124381471082E-001	4,03976465966216E-001	 1,79145901721180E+000	-4,35143219807629E-002	2,02927485573678E+000
                      	10663	           5	-7,50000000000000E+000	-1,70000000000000E+001	 3,54258884823487E+001	-1,42477828646046E+001	3,54353896551771E+001	-1,76321294889898E+000	-1,77916083674434E+000	2,14708744679297E-001	 1,61351528241142E+000	-2,50780283583856E-003	1,87434733544985E+000
          Plate\_2\_15	10643	           1	 7,50000000000000E+000	-1,02500000000000E+001	-5,85806662162585E+000	-5,03197530189167E+001	1,04917767380100E+002	 1,69544670381154E+001	-1,02999541197176E+002	1,69773257563933E+001	 2,37365313942026E+002	-6,86759483365794E-007	2,37365313942026E+002
 Element 49-91 (Plate)	10644	           2	 7,50000000000000E+000	-1,03471228822834E+001	 3,08573831411218E+000	-5,01442369965342E+001	1,03787391569504E+002	 1,00766243907750E+000	-1,11637251234607E+002	1,07240699886079E+000	 2,38170559631000E+002	-6,55133976219645E-007	2,38170559631000E+002
                (ERSS)	10645	           3	 7,50000000000000E+000	-1,04442457645668E+001	 1,02476438180284E+001	-4,99643190254288E+001	1,02652462369636E+002	-9,31193910409123E+000	-1,20986395078107E+002	8,01560593753490E-007	 2,37757178685644E+002	-5,90660831068488E-007	2,37757850431263E+002
                      	10646	           4	 7,50000000000000E+000	-1,05413686468502E+001	 1,65695589321376E+001	-4,97800309630051E+001	1,01513930450579E+002	-1,65830231704891E+001	-1,28221884880207E+002	1,00043467253869E-006	 2,36459977373540E+002	-5,02363423510025E-007	2,36467576665713E+002
                      	11411	           5	 7,50000000000000E+000	-1,06384915291337E+001	 2,29933926984549E+001	-4,95914046666676E+001	1,00372746482418E+002	-2,33842753392144E+001	-1,32455253374013E+002	1,11328623782001E-006	 2,34537148231727E+002	-3,99091072377024E-007	2,34552400252690E+002
          Plate\_2\_15	11411	           1	 7,50000000000000E+000	-1,06384915291337E+001	 2,40112827040827E+001	-4,95909940214978E+001	1,00372811656004E+002	-2,62984368786867E+001	-1,32833307685217E+002	1,12535423173392E-006	 2,34537148231727E+002	-3,99091052177967E-007	2,34552400252690E+002
 Element 49-92 (Plate)	11412	           2	 7,50000000000000E+000	-1,07419313894903E+001	 3,08275811904889E+001	-4,93844260421325E+001	9,91549913999102E+001	-3,32549156693274E+001	-1,36166168682952E+002	1,18928144579499E-006	 2,31438481021659E+002	-2,79035613243681E-007	2,31458758087383E+002
                (ERSS)	11413	           3	 7,50000000000000E+000	-1,08453712498470E+001	 3,72453394285323E+001	-4,91711960801708E+001	9,79353785467238E+001	-4,06934750482292E+001	-1,36970933311275E+002	1,21295010101567E-006	 2,27656162184392E+002	-1,54456191100176E-007	2,27678047183556E+002
                      	11414	           4	 7,50000000000000E+000	-1,09488111102037E+001	 4,40557585030599E+001	-4,89513771029461E+001	9,67150177308077E+001	-5,12666727191309E+001	-1,36416255395018E+002	1,19908524823727E-006	 2,22909856614982E+002	-2,93362957521871E-008	2,22930189423707E+002
                      	11635	           5	 7,50000000000000E+000	-1,10522509705603E+001	 5,20500394989184E+001	-4,87250420777920E+001	9,54949535865247E+001	-6,76270663857714E+001	-1,35279209345499E+002	1,15041193830108E-006	 2,16835296320336E+002	 0,00000000000000E+000	2,16850920073326E+002
          Plate\_2\_15	11635	           1	 7,50000000000000E+000	-1,10522509705603E+001	 5,16179953656068E+001	-4,87246367091543E+001	9,54949210726726E+001	-6,81378941767267E+001	-1,35539963115961E+002	1,15627636136153E-006	 2,16835296320336E+002	 0,00000000000000E+000	2,16850920073326E+002
 Element 49-93 (Plate)	11636	           2	 7,50000000000000E+000	-1,11624186721261E+001	 5,84336419205640E+001	-4,84756030793301E+001	9,41964325260970E+001	-8,69913564816040E+001	-1,35868127779732E+002	1,08452326850440E-006	 2,08275424640205E+002	 0,00000000000000E+000	2,08284302479908E+002
                (ERSS)	11637	           3	 7,50000000000000E+000	-1,12725863736919E+001	 6,55573254185527E+001	-4,82175054467050E+001	9,28990464692172E+001	-1,03573428222862E+002	-1,36660756597298E+002	1,00145540335050E-006	 1,97748226788666E+002	 0,00000000000000E+000	1,97748226788666E+002
                      	11638	           4	 7,50000000000000E+000	-1,13827540752577E+001	 7,26701625204218E+001	-4,79504544591296E+001	9,26048585192377E+001	-1,17475860495105E+002	-1,36072243759477E+002	9,08462833803407E-007	 1,85547607780214E+002	 0,00000000000000E+000	1,85547607780214E+002
                      	11665	           5	 7,50000000000000E+000	-1,14929217768235E+001	 7,94532698870208E+001	-4,76745607644545E+001	9,22658276085584E+001	-1,28290404392934E+002	-1,36952322436767E+002	8,06935627766713E-007	 1,71980631371241E+002	 0,00000000000000E+000	1,71980631371241E+002
          Plate\_2\_15	11665	           1	 7,50000000000000E+000	-1,14929217768235E+001	 7,93919014761569E+001	-4,76741257704678E+001	9,22692576780647E+001	-1,28442915801757E+002	-1,37536587975596E+002	8,09598847847880E-007	 1,71980631371241E+002	 0,00000000000000E+000	1,71980631371241E+002
 Element 49-94 (Plate)	11666	           2	 7,50000000000000E+000	-1,16102549057202E+001	 8,55153591876075E+001	-4,73697312570010E+001	9,18463119066422E+001	-1,36838842606130E+002	-1,39166860906546E+002	7,01066319949257E-007	 1,56364153506968E+002	 0,00000000000000E+000	1,56364153506968E+002
                (ERSS)	11667	           3	 7,50000000000000E+000	-1,17275880346170E+001	 8,94676378165633E+001	-4,70535397309327E+001	9,13663451990208E+001	-1,39862844405211E+002	-1,40083274742263E+002	5,95710731426149E-007	 1,40082153056434E+002	 0,00000000000000E+000	1,40082153056434E+002
                      	11668	           4	 7,50000000000000E+000	-1,18449211635137E+001	 9,14099479331355E+001	-4,67256989257514E+001	9,16967192904434E+001	-1,37963304176337E+002	-1,37977989535565E+002	4,94119676981531E-007	 1,23727939242333E+002	-5,60125251507597E-002	1,23727939242333E+002
                      	12519	           5	 7,50000000000000E+000	-1,19622542924104E+001	 9,15035001074349E+001	-4,63863565749456E+001	9,17222112043363E+001	-1,31588604896846E+002	-1,31588604896846E+002	3,96880751318378E-007	 1,07878764694541E+002	-5,53613549606680E-001	1,07878764694541E+002
          Plate\_2\_15	12519	           1	 7,50000000000000E+000	-1,19622542924104E+001	 9,18557425029818E+001	-4,63858595979131E+001	9,20747808725787E+001	-1,32409666599090E+002	-1,32409666599090E+002	3,97635733182233E-007	 1,07878764694541E+002	-5,53613549606867E-001	1,07878764694541E+002
 Element 49-95 (Plate)	12520	           2	 7,50000000000000E+000	-1,20872188958380E+001	 9,19022121304585E+001	-4,60108870710752E+001	9,21176669288056E+001	-1,22685981012120E+002	-1,22685981012120E+002	3,02213545087526E-007	 9,19309983819211E+001	-1,07232209181681E+000	9,19309983819211E+001
                (ERSS)	12521	           3	 7,50000000000000E+000	-1,22121834992655E+001	 9,20182143372834E+001	-4,56208681141589E+001	9,22313345371354E+001	-1,11977619391000E+002	-1,11977619391000E+002	2,15449438731187E-007	 7,72588218164203E+001	-1,53767703195280E+000	7,72588218164203E+001
                      	12522	           4	 7,50000000000000E+000	-1,23371481026931E+001	 9,22279254323984E+001	-4,52159908120116E+001	9,24401484726213E+001	-1,00478682508848E+002	-1,00478682508848E+002	1,37455927985724E-007	 6,39709664660074E+001	-2,02714019257487E+000	6,39709664660074E+001
                      	12720	           5	 7,50000000000000E+000	-1,24621127061207E+001	 9,25555217247454E+001	-4,47964432494810E+001	9,27684735103166E+001	-8,83832711387805E+001	-8,83832711387805E+001	6,83455267236437E-008	 5,21692249032654E+001	-2,47576555077112E+000	5,21692249032654E+001
          Plate\_2\_15	12720	           1	 7,50000000000000E+000	-1,24621127061207E+001	 9,25857484587201E+001	-4,47958381827983E+001	9,27963904473007E+001	-8,86977786567449E+001	-8,86977786567449E+001	6,81127279189101E-008	 5,21692249032654E+001	-2,47576555077115E+000	5,21692249032654E+001
 Element 49-96 (Plate)	12721	           2	 7,50000000000000E+000	-1,25952051434966E+001	 9,29974436520411E+001	-4,43318051463633E+001	9,32018424234145E+001	-7,63480327945455E+001	-7,63480327945455E+001	4,39675048128907E-009	 4,11975274553370E+001	-2,84620540062322E+000	4,11975274553370E+001
                (ERSS)	12722	           3	 7,50000000000000E+000	-1,27282975808726E+001	 9,32637995569747E+001	-4,38487057570023E+001	9,34620061250742E+001	-6,48733099228664E+001	-6,48733099228664E+001	2,38365959731980E-001	 3,18086161103790E+001	-3,21501241395425E+000	3,18086161103790E+001
                      	12723	           4	 7,50000000000000E+000	-1,28613900182485E+001	 9,33867493710777E+001	-4,33467720054488E+001	9,35788197039212E+001	-5,43223730714434E+001	-5,43223730714434E+001	5,36115074795895E-001	 2,38842818047339E+001	-3,64566595389151E+000	2,38842818047339E+001
                      	13686	           5	 7,50000000000000E+000	-1,29944824556244E+001	 9,33682262919066E+001	-4,28262358824364E+001	9,35542213115965E+001	-4,47439852700125E+001	-4,47439852700125E+001	7,94772187637615E-001	 1,73048169550551E+001	-4,01082174720636E+000	1,73048169550551E+001
          Plate\_2\_15	13686	           1	 7,50000000000000E+000	-1,29944824556244E+001	 9,33731116562676E+001	-4,28254563325352E+001	9,35591096624787E+001	-4,47540797838921E+001	-4,47540797838921E+001	8,10752595754536E-001	 1,73048169550551E+001	-4,01082174720636E+000	1,73048169550551E+001
 Element 49-97 (Plate)	13687	           2	 7,50000000000000E+000	-1,31362313701235E+001	 9,32132864045887E+001	-4,22492690090217E+001	9,33928966026470E+001	-3,58361142008583E+001	-3,58361142008583E+001	1,08920600782311E+000	 1,16082246101381E+001	-4,28117007818609E+000	1,16082246101381E+001
                (ERSS)	13688	           3	 7,50000000000000E+000	-1,32779802846226E+001	 9,29142710203820E+001	-4,16488437609732E+001	9,30875858715498E+001	-2,80902416359576E+001	-2,80902416359576E+001	1,37928477415967E+000	 7,09023105535315E+000	-4,46361525518460E+000	7,09023105535315E+000
                      	13689	           4	 7,50000000000000E+000	-1,34197291991216E+001	 9,24770692973093E+001	-4,10244537391549E+001	9,26441862464184E+001	-2,15007854038751E+001	-2,15007854038751E+001	1,59582980565904E+000	 3,58825079807872E+000	-4,53783578038794E+000	3,58825079807872E+000
                      	13786	           5	 7,50000000000000E+000	-1,35614781136207E+001	 9,19026850290325E+001	-4,03763720943315E+001	9,20637065044844E+001	-1,60520688192960E+001	-1,60520688192960E+001	1,83090562918715E+000	 9,40708053572928E-001	-4,48597948770635E+000	9,40708053572928E-001
          Plate\_2\_15	13786	           1	 7,50000000000000E+000	-1,35614781136207E+001	 9,19037266282835E+001	-4,03753144691935E+001	9,20647438778004E+001	-1,59662671206097E+001	-1,59662671206097E+001	1,86084970793638E+000	 9,40708053572929E-001	-4,48597948770639E+000	9,40708053572929E-001
 Element 49-98 (Plate)	13787	           2	 7,50000000000000E+000	-1,37124465319458E+001	 9,11467733254309E+001	-3,96572462922689E+001	9,13014088701164E+001	-1,12476881605512E+001	-1,12476881605512E+001	2,13464539694540E+000	-1,10172187829830E+000	-4,35112685530794E+000	3,36415635741930E-001
                (ERSS)	13788	           3	 7,50000000000000E+000	-1,38634149502708E+001	 9,02396020476906E+001	-3,89080075246015E+001	9,03879569985454E+001	-7,40176907010083E+000	-7,40176907010083E+000	2,37570563970826E+000	-2,49938343245089E+000	-4,36877540720729E+000	3,29985991706303E-001
                      	13789	           4	 7,50000000000000E+000	-1,40143833685958E+001	 8,91829810438919E+001	-3,81279055080935E+001	8,93251600257570E+001	-4,39512486730767E+000	-4,39512486730767E+000	2,55841936312696E+000	-3,37931705788986E+000	-4,25473844873364E+000	3,28017705334132E-001
                      	14690	           5	 7,50000000000000E+000	-1,41653517869209E+001	 8,79776785628644E+001	-3,73172475846474E+001	8,81137897144210E+001	-2,19437057022103E+000	-2,19437057022103E+000	2,59879959244889E+000	-3,86685780446109E+000	-4,13820680551571E+000	3,29562173940217E-001
          Plate\_2\_15	14690	           1	 7,50000000000000E+000	-1,41653517869209E+001	 8,79762405770606E+001	-3,73157389443895E+001	8,81123443662127E+001	-2,10361007282241E+000	-2,10361007282241E+000	2,63102248732749E+000	-3,86685780446109E+000	-4,13820680551570E+000	3,29562173939916E-001
 Element 49-99 (Plate)	14691	           2	 7,50000000000000E+000	-1,43261393556448E+001	 8,65289347802193E+001	-3,64162479161091E+001	8,66586816384391E+001	-4,04170808634089E-001	-4,04170808634089E-001	2,58100193247133E+000	-4,06176124053453E+000	-4,11767845476823E+000	3,36732197242676E-001
                (ERSS)	14692	           3	 7,50000000000000E+000	-1,44869269243687E+001	 8,49078562168515E+001	-3,54758924444694E+001	8,50313394923638E+001	 8,21581574801526E-001	-6,76750828485964E-003	2,51410724072769E+000	-4,02238002078540E+000	-4,02238002078540E+000	3,44802810059696E-001
                      	14693	           4	 7,50000000000000E+000	-1,46477144930926E+001	 8,31137700690984E+001	-3,44949905485267E+001	8,32310860721542E+001	 1,59892204458512E+000	-2,62520775811495E-002	2,48541643724137E+000	-3,82152006428359E+000	-3,82152006428359E+000	3,52112922285043E-001
                      	14742	           5	 7,50000000000000E+000	-1,48085020618166E+001	 8,11474415191009E+001	-3,34738602473376E+001	8,12586895219776E+001	 1,95312556781738E+000	-6,31182572561161E-002	2,30964839956466E+000	-3,53069596932213E+000	-3,53069596932213E+000	3,51872623568339E-001
          Plate\_2\_15	14742	           1	 7,50000000000000E+000	-1,48085020618166E+001	 8,11434266316452E+001	-3,34715988952296E+001	8,12546657952798E+001	 2,01247066224073E+000	-6,29982910477473E-002	2,34434567786993E+000	-3,53069596932213E+000	-3,53069596932213E+000	3,51872623568316E-001
Element 49-100 (Plate)	14743	           2	 7,50000000000000E+000	-1,49797474291787E+001	 7,88548566057689E+001	-3,23361145230875E+001	7,89597256856637E+001	 2,10546316050756E+000	-1,35445841832186E-001	2,19083129461877E+000	-3,17523670399794E+000	-3,17523670399794E+000	3,38532517190532E-001
                (ERSS)	14744	           3	 7,50000000000000E+000	-1,51509927965408E+001	 7,63547613826767E+001	-3,11455709194138E+001	7,64533370482812E+001	 2,00693469902156E+000	-2,40604613393663E-001	2,00977695698169E+000	-2,82067998235841E+000	-2,82067998235841E+000	3,07704979918623E-001
                      	14745	           4	 7,50000000000000E+000	-1,53222381639029E+001	 7,36438796621876E+001	-2,99002464201330E+001	7,37362411695077E+001	 1,73196828144823E+000	-3,90808788472983E-001	1,73196828144823E+000	-2,49778728628839E+000	-2,49778728628839E+000	2,56517201348404E-001
                      	15600	           5	 7,50000000000000E+000	-1,54934835312651E+001	 7,07229501441208E+001	-2,86004193611692E+001	7,08091793357187E+001	 1,29564691145309E+000	-5,78176206110840E-001	1,29564691145309E+000	-2,23654332272085E+000	-2,23654332272085E+000	2,18523821734928E-001
          Plate\_2\_15	15600	           1	 7,50000000000000E+000	-1,54934835312651E+001	 7,07149567976609E+001	-2,85968448429616E+001	7,08011749464473E+001	 1,33417326027469E+000	-5,70396180849424E-001	1,33417326027469E+000	-2,23654332272085E+000	-2,23654332272085E+000	2,18523821735013E-001
Element 49-101 (Plate)	15601	           2	 7,50000000000000E+000	-1,56758668838820E+001	 6,73617814679122E+001	-2,71467653843209E+001	6,74415384437654E+001	 7,86076371544706E-001	-8,14645682349266E-001	7,86076371544706E-001	-2,04301097068899E+000	-2,04301097068899E+000	2,06197523234524E-001
                (ERSS)	15602	           3	 7,50000000000000E+000	-1,58582502364989E+001	 6,37371003316197E+001	-2,56197301558754E+001	6,38104437119334E+001	 2,42059898734120E-001	-1,06243400176646E+000	2,42059898734120E-001	-1,94977995437498E+000	-1,94977995437498E+000	2,05618485837663E-001
                      	15603	           4	 7,50000000000000E+000	-1,60406335891158E+001	 5,98412011014777E+001	-2,40158582463853E+001	5,99081804510149E+001	-2,80148646988037E-001	-1,29561767423420E+000	2,82724600043973E-007	-1,95337008550543E+000	-1,95337008550543E+000	2,04079008578179E-001
                      	16406	           5	 7,50000000000000E+000	-1,62230169417327E+001	 5,56743714901804E+001	-2,23352687446108E+001	5,57350383610733E+001	-7,62821754452738E-001	-1,50460598732402E+000	2,91966175775879E-007	-2,04934754295880E+000	-2,04934754295880E+000	1,98433763824777E-001
          Plate\_2\_15	16406	           1	 7,50000000000000E+000	-1,62230169417327E+001	 5,56575601648914E+001	-2,23288866999305E+001	5,57182107295075E+001	-6,14960681063738E-001	-1,39240634896260E+000	2,57704289350073E-007	-2,04934754295880E+000	-2,04934754295880E+000	1,98433763824596E-001
Element 49-102 (Plate)	16407	           2	 7,50000000000000E+000	-1,64172627062995E+001	 5,09016882267616E+001	-2,04459272577889E+001	5,09556486795643E+001	-1,07552027667543E+000	-1,58074984001964E+000	2,41028872047425E-007	-2,22185363613832E+000	-2,22185363613832E+000	1,86622259538522E-001
                (ERSS)	16408	           3	 7,50000000000000E+000	-1,66115084708664E+001	 4,57706219695606E+001	-1,84491789825829E+001	4,58178854537727E+001	-8,65750684419627E-001	-1,23700180076723E+000	5,17667453483544E-008	-2,42541203463848E+000	-2,42541203463848E+000	1,67043122392170E-001
                      	16409	           4	 7,50000000000000E+000	-1,68057542354332E+001	 4,02608060535251E+001	-1,63373754699871E+001	4,03013635543976E+001	 1,63123425695545E-001	-4,29000676389084E-001	1,63123425695545E-001	-2,50526084633303E+000	-2,50526084633303E+000	1,38680086107400E-001
                      	16420	           5	 7,50000000000000E+000	-1,70000000000000E+001	 3,43686851388922E+001	-1,41092503156764E+001	3,44025254837040E+001	 2,15987738366195E+000	-2,21797487834525E-001	2,15987738366195E+000	-2,29779072521245E+000	-2,29779072521245E+000	1,00613725535397E-001
          Plate\_1\_16	10663	           1	-7,50000000000000E+000	-1,70000000000000E+001	 3,55447978042139E+001	-1,43027150602404E+001	3,55543400682721E+001	-1,98539696729279E+000	-2,01500247054229E+000	1,83525427144822E-001	 1,61351528241142E+000	-2,50780283577136E-003	1,87434733544986E+000
Element 50-103 (Plate)	10664	           2	-7,50000000000000E+000	-1,71250000000000E+001	 3,26364759896185E+001	-1,33514443318233E+001	3,26451173118795E+001	-3,75393547158843E+000	-3,82930770123793E+000	2,06894289211426E-001	 1,23990453832994E+000	-4,86464389354848E-007	1,50317969560069E+000
                (ERSS)	10665	           3	-7,50000000000000E+000	-1,72500000000000E+001	 2,96527643252446E+001	-1,23882968269729E+001	2,96605493533352E+001	-4,12718543615674E+000	-4,49922056052631E+000	9,88318102400265E-002	 7,33471992033680E-001	-3,08844202731661E-007	9,78607795245279E-001
                      	10666	           4	-7,50000000000000E+000	-1,73750000000000E+001	 2,66269365511156E+001	-1,14245163596567E+001	2,66339178757679E+001	-3,15002340457067E+000	-4,08281313126342E+000	1,27610477158340E-006	 2,64106616796236E-001	-1,35923482649546E-007	4,39262605649763E-001
                      	11425	           5	-7,50000000000000E+000	-1,75000000000000E+001	 2,35922664072545E+001	-1,04713467438422E+001	2,35985045623062E+001	-8,67325920403149E-001	-2,78377504332272E+000	8,60364232394713E-007	 2,56739074444567E-016	-1,46733319938974E-013	3,08024439288346E-013
          Plate\_2\_16	16420	           1	 7,50000000000000E+000	-1,70000000000000E+001	 3,44876054481763E+001	-1,41650066483771E+001	3,45215807290372E+001	 2,47759782790837E+000	-2,13396549159882E-001	2,47759782790837E+000	-2,29779072521246E+000	-2,29779072521246E+000	1,00613725535806E-001
Element 51-104 (Plate)	16421	           2	 7,50000000000000E+000	-1,71250000000000E+001	 3,16489272152065E+001	-1,32005205654724E+001	3,16799304374696E+001	 4,29703677506453E+000	-2,25576009279377E-001	4,29703677506453E+000	-1,86364676108112E+000	-1,86364676108112E+000	7,29810373594294E-002
                (ERSS)	16422	           3	 7,50000000000000E+000	-1,72500000000000E+001	 2,87555223519081E+001	-1,22280703064271E+001	2,87836252286012E+001	 5,16758563555572E+000	-2,16505072605661E-001	5,16758563555572E+000	-1,26367838860269E+000	-1,26367838860269E+000	4,50936254449283E-002
                      	16423	           4	 7,50000000000000E+000	-1,73750000000000E+001	 2,58390515919152E+001	-1,12605425046879E+001	2,58643553974698E+001	 5,18001403472401E+000	-1,84514653907125E-001	5,18001403472401E+000	-6,07187566888174E-001	-6,07187566888174E-001	1,97967248085417E-002
                      	17112	           5	 7,50000000000000E+000	-1,75000000000000E+001	 2,29311756688619E+001	-1,03108237937016E+001	2,29538112391134E+001	 4,42509159791150E+000	-1,27935667952156E-001	4,42509159791150E+000	-3,46944695195361E-016	-3,86836396248924E-013	5,13492026676943E-013
