    Structural element	 Node	Local number	                 X [m]	                 Y [m]	              N [kN/m]	          N_min [kN/m]	         N_max [kN/m]	              Q [kN/m]	          Q_min [kN/m]	         Q_max [kN/m]	            M [kN m/m]	        M_min [kN m/m]	       M_max [kN m/m]
           Plate\_1\_1	  481	           1	-7,50000000000000E+000	 2,85000000000000E+000	-7,03181073064590E-001	-7,03181073064590E-001	3,89246800031684E-002	 1,02160886389150E-001	-9,36710463384537E-002	1,52428398804864E-001	-7,71605002114484E-015	-6,28715829398274E-014	1,06704575730809E-013
   Element 1-1 (Plate)	  480	           2	-7,50000000000000E+000	 2,51250000000000E+000	-2,10622366791634E+000	-2,10622366791634E+000	5,86208363179141E-005	 1,34321760204781E+000	-1,63046119352223E-004	1,69367103826703E+000	 2,68011318691106E-001	-5,55946578064962E-006	3,13423271299049E-001
                (ERSS)	  479	           3	-7,50000000000000E+000	 2,17500000000000E+000	-3,76943393583941E+000	-3,76943393583941E+000	3,29549126897870E-005	 1,98840581894081E+000	-2,20847139338000E-004	2,47531139895095E+000	 8,34746953403614E-001	-7,07522542344873E-005	1,03419525045104E+000
                      	  478	           4	-7,50000000000000E+000	 1,83750000000000E+000	-5,66766686622757E+000	-5,66766686622757E+000	1,74607721085982E-005	 2,29535600547745E+000	-1,37686048637471E-004	2,57518838288977E+000	 1,57246412781783E+000	-1,38816031015934E-004	1,90081049994095E+000
                      	  482	           5	-7,50000000000000E+000	 1,50000000000000E+000	-7,77577744847458E+000	-7,77577744847458E+000	1,52355267939873E-005	 2,52169863006703E+000	-9,15371077159161E-005	2,52169863006703E+000	 2,37997413435782E+000	-1,71294619587021E-004	2,68589307815659E+000
           Plate\_2\_1	 8264	           1	 7,50000000000000E+000	 2,85000000000000E+000	-7,33929002495639E-001	-7,33929002495639E-001	3,86652128032354E-002	-3,32240004711544E-002	-1,54617740613942E-001	1,15953671072640E-001	 8,80007872128274E-014	-1,20610119114239E-013	8,80007872128274E-014
   Element 2-2 (Plate)	 8265	           2	 7,50000000000000E+000	 2,51250000000000E+000	-2,10346161665940E+000	-2,10346161665940E+000	5,92449883760940E-005	-1,37334994838123E+000	-1,70839787254120E+000	1,65260995917066E-004	-2,64134859304819E-001	-3,10337921539204E-001	5,97419401727673E-006
                (ERSS)	 8266	           3	 7,50000000000000E+000	 2,17500000000000E+000	-3,75763734610609E+000	-3,75763734610609E+000	3,35130310771238E-005	-2,04412705196843E+000	-2,50190406608942E+000	2,23356662722812E-004	-8,46417788657054E-001	-1,03842117448659E+000	7,19705216628353E-005
                      	 8267	           4	 7,50000000000000E+000	 1,83750000000000E+000	-5,66654198941668E+000	-5,66654198941668E+000	1,77458822228144E-005	-2,32419858169458E+000	-2,57509762552508E+000	1,39423985631943E-004	-1,60030877014649E+000	-1,91243710325462E+000	1,40805192315104E-004
                      	 8268	           5	 7,50000000000000E+000	 1,50000000000000E+000	-7,80026134517215E+000	-7,80026134517215E+000	1,51321887008357E-005	-2,49220780802153E+000	-2,49220780802153E+000	9,26275771590958E-005	-2,40798329310570E+000	-2,68516526583893E+000	1,73722993957923E-004
           Plate\_1\_2	  482	           1	-7,50000000000000E+000	 1,50000000000000E+000	-7,77052221366916E+000	-7,77052221366916E+000	1,35585556219019E-005	 2,48879881641778E+000	-9,62783988050832E-005	2,48879881641778E+000	 2,37997413435792E+000	-1,71294619586654E-004	2,68589307815664E+000
   Element 3-3 (Plate)	  467	           2	-7,50000000000000E+000	 1,25000000000000E+000	-9,62297648331387E+000	-9,62297648331387E+000	1,50760266216634E-005	 2,10523060017077E+000	-9,56810692530372E-005	2,10523060017077E+000	 2,95916487176722E+000	-1,95395032397855E-004	3,20982533738254E+000
                (ERSS)	  466	           3	-7,50000000000000E+000	 1,00000000000000E+000	-1,15351156431035E+001	-1,15351156431035E+001	1,67990418941158E-005	 1,50403741629241E+000	-9,08399506461018E-005	1,50403741629241E+000	 3,41405266945920E+000	-2,18766032195316E-004	3,59614990489977E+000
                      	  465	           4	-7,50000000000000E+000	 7,50000000000000E-001	-1,34468992025373E+001	-1,34468992025373E+001	1,86984302756361E-005	 7,09678624095331E-001	-8,28094427221549E-005	7,09678624095331E-001	 3,69526890406049E+000	-2,40559865203994E-004	3,81599418516580E+000
                      	  464	           5	-7,50000000000000E+000	 5,00000000000000E-001	-1,52982866711144E+001	-1,52982866711144E+001	2,07450206026014E-005	-2,53386417107885E-001	-3,21718289824916E-001	0,00000000000000E+000	 3,75525161383301E+000	-2,60008593615606E-004	3,84163860339377E+000
           Plate\_2\_2	 8268	           1	 7,50000000000000E+000	 1,50000000000000E+000	-7,78561596690931E+000	-7,78561596690931E+000	1,35790948467085E-005	-2,48179731212739E+000	-2,48179731212739E+000	9,71020470967527E-005	-2,40798329310566E+000	-2,68516526583915E+000	1,73722993957720E-004
   Element 4-4 (Plate)	 7765	           2	 7,50000000000000E+000	 1,25000000000000E+000	-9,63701964007385E+000	-9,63701964007385E+000	1,50910575623070E-005	-2,10438390293122E+000	-2,10438390293122E+000	9,62383246482326E-005	-2,98631127243418E+000	-3,20663479830589E+000	1,97994229288177E-004
                (ERSS)	 7766	           3	 7,50000000000000E+000	 1,00000000000000E+000	-1,15491202424560E+001	-1,15491202424560E+001	1,67979894368033E-005	-1,50490601352201E+000	-1,50490601352201E+000	9,11927554063671E-005	-3,44125151816454E+000	-3,59218234740077E+000	2,21478490431331E-004
                      	 7767	           4	 7,50000000000000E+000	 7,50000000000000E-001	-1,34610441094461E+001	-1,34610441094461E+001	1,86711199404051E-005	-7,09024441796964E-001	-7,09024441796964E-001	8,29978775904623E-005	-3,72258000938877E+000	-3,81208093031566E+000	2,43338843490405E-004
                      	 7764	           5	 7,50000000000000E+000	 5,00000000000000E-001	-1,53119175764345E+001	-1,53119175764345E+001	2,06816785433204E-005	 2,57600014346723E-001	 0,00000000000000E+000	3,23692797575859E-001	-3,78197094105647E+000	-3,85425538219415E+000	2,62816489665886E-004
           Plate\_1\_3	  464	           1	-7,50000000000000E+000	 5,00000000000000E-001	-1,52809426175275E+001	-1,52809426175275E+001	2,06659355514839E-005	-2,13308216028256E-001	-3,04242683383749E-001	0,00000000000000E+000	 3,75525161383290E+000	-2,60008593618092E-004	3,84163860339347E+000
  Element 6-10 (Plate)	  295	           2	-7,50000000000000E+000	 8,33333333333334E-002	-1,79965205580794E+001	-1,79965205580794E+001	2,40521324362777E-005	-2,03590999810177E+000	-2,03590999810177E+000	0,00000000000000E+000	 3,29199456192371E+000	-2,87449033651482E-004	3,41741931151603E+000
                (ERSS)	  294	           3	-7,50000000000000E+000	-3,33333333333333E-001	-2,04043809035251E+001	-2,04043809035251E+001	2,67597521124479E-005	-3,95365517377995E+000	-3,95365517377995E+000	0,00000000000000E+000	 2,04395393653186E+000	-3,08893386794546E-004	2,36229208744535E+000
                      	  293	           4	-7,50000000000000E+000	-7,50000000000000E-001	-2,25062128726708E+001	-2,25062128726708E+001	2,87848896072836E-005	-5,91553974410358E+000	-5,91553974410358E+000	0,00000000000000E+000	-9,60669147410154E-003	-9,60669147410154E-003	9,50892471800056E-001
                      	  292	           5	-7,50000000000000E+000	-1,16666666666667E+000	-2,43037056843228E+001	-2,43037056843228E+001	3,01236399480740E-005	-7,87055971011347E+000	-7,87055971011347E+000	0,00000000000000E+000	-2,88321092174325E+000	-2,88321092174325E+000	7,14397789545809E-004
           Plate\_1\_3	  292	           1	-7,50000000000000E+000	-1,16666666666667E+000	-2,43047318932001E+001	-2,43047318932001E+001	3,01603082569672E-005	-7,77481498625121E+000	-7,77481498625121E+000	0,00000000000000E+000	-2,88321092174340E+000	-2,88321092174340E+000	7,14397789549675E-004
  Element 6-11 (Plate)	   45	           2	-7,50000000000000E+000	-1,37500000000000E+000	-2,50976069246926E+001	-2,50976069246926E+001	3,06262972500084E-005	-8,66257325488021E+000	-8,66257325488021E+000	0,00000000000000E+000	-4,59837858763740E+000	-4,59837858763740E+000	0,00000000000000E+000
                (ERSS)	   44	           3	-7,50000000000000E+000	-1,58333333333333E+000	-2,58116736773958E+001	-2,58116736773958E+001	3,09866641192983E-005	-9,30444077756308E+000	-9,30444077756308E+000	0,00000000000000E+000	-6,47619314471444E+000	-6,47619314471444E+000	0,00000000000000E+000
                      	   43	           4	-7,50000000000000E+000	-1,79166666666667E+000	-2,64438698309577E+001	-2,64438698309577E+001	3,12450283950933E-005	-9,64951016680405E+000	-9,64951016680405E+000	1,63293243023406E-006	-8,45552499125208E+000	-8,45552499125208E+000	0,00000000000000E+000
                      	   66	           5	-7,50000000000000E+000	-2,00000000000000E+000	-2,69911330650264E+001	-2,69911330650264E+001	3,14050096076500E-005	-9,64687403510736E+000	-9,64687403510736E+000	9,91590015967349E-006	-1,04720456581852E+001	-1,04720456581852E+001	0,00000000000000E+000
           Plate\_2\_3	 7764	           1	 7,50000000000000E+000	 5,00000000000000E-001	-1,52944821357982E+001	-1,52944821357982E+001	2,06077551849727E-005	 2,15272099177154E-001	 0,00000000000000E+000	3,06330689706734E-001	-3,78197094105643E+000	-3,85425538219412E+000	2,62816489658386E-004
  Element 9-16 (Plate)	 7671	           2	 7,50000000000000E+000	 8,33333333333334E-002	-1,80101852474275E+001	-1,80101852474275E+001	2,39445532032271E-005	 2,04062256407872E+000	 0,00000000000000E+000	2,04062256407872E+000	-3,31723097730670E+000	-3,41415283992903E+000	2,90210275024469E-004
                (ERSS)	 7672	           3	 7,50000000000000E+000	-3,33333333333333E-001	-2,04180843982727E+001	-2,04180843982727E+001	2,66080676307657E-005	 3,95944379704810E+000	 0,00000000000000E+000	3,95944379704810E+000	-2,06700117501923E+000	-2,35950156741378E+000	3,11508087208059E-004
                      	 7673	           4	 7,50000000000000E+000	-7,50000000000000E-001	-2,25199523450053E+001	-2,25199523450053E+001	2,85939728711756E-005	 5,92169401906933E+000	 0,00000000000000E+000	5,92169401906933E+000	-1,09033707125634E-002	-9,61103409355764E-001	3,27134265029913E-004
                      	 8784	           5	 7,50000000000000E+000	-1,16666666666667E+000	-2,43175618442967E+001	-2,43175618442967E+001	2,98979433280444E-005	 7,87733145112643E+000	 0,00000000000000E+000	7,87733145112643E+000	 2,86535006544971E+000	-9,04579410874160E-004	2,86535006544971E+000
           Plate\_2\_3	 8784	           1	 7,50000000000000E+000	-1,16666666666667E+000	-2,43183617054475E+001	-2,43183617054475E+001	2,99361087458120E-005	 7,77867521747062E+000	 0,00000000000000E+000	7,77867521747062E+000	 2,86535006544975E+000	-9,04579410884547E-004	2,86535006544975E+000
  Element 9-17 (Plate)	 8781	           2	 7,50000000000000E+000	-1,37500000000000E+000	-2,51113742497419E+001	-2,51113742497419E+001	3,03867965107412E-005	 8,66821761791133E+000	 0,00000000000000E+000	8,66821761791133E+000	 4,58153419108216E+000	 0,00000000000000E+000	4,58153419108216E+000
                (ERSS)	 8782	           3	 7,50000000000000E+000	-1,58333333333333E+000	-2,58255215380026E+001	-2,58255215380026E+001	3,07348847787052E-005	 9,31085534300414E+000	 0,00000000000000E+000	9,31085534300414E+000	 6,46060770830000E+000	 0,00000000000000E+000	6,46060770830000E+000
                      	 8783	           4	 7,50000000000000E+000	-1,79166666666667E+000	-2,64577014192231E+001	-2,64577014192231E+001	3,09844988019939E-005	 9,65618885061414E+000	-2,63615610278205E-006	9,65618885061414E+000	 8,44131882217194E+000	 0,00000000000000E+000	8,44131882217194E+000
                      	 8800	           5	 7,50000000000000E+000	-2,00000000000000E+000	-2,70048117423969E+001	-2,70048117423969E+001	3,11397638328973E-005	 9,65381859860646E+000	-1,09463170564201E-005	9,65381859860646E+000	 1,04592491527035E+001	 0,00000000000000E+000	1,04592491527035E+001
           Plate\_1\_4	   66	           1	-7,50000000000000E+000	-2,00000000000000E+000	-2,70017006038316E+001	-2,70017006038316E+001	3,14815377162033E-005	-9,00380680129456E+000	-9,00380680129456E+000	1,66080098747388E-005	-1,04720456581853E+001	-1,04720456581853E+001	0,00000000000000E+000
 Element 10-18 (Plate)	   69	           2	-7,50000000000000E+000	-2,12500000000000E+000	-2,77981545537216E+001	-2,77981545537216E+001	3,23747110471971E-005	-4,64041940916671E+000	-4,64041940916671E+000	6,92001531439694E-005	-1,13143118465161E+001	-1,13143118465161E+001	0,00000000000000E+000
                (ERSS)	   68	           3	-7,50000000000000E+000	-2,25000000000000E+000	-2,85715145181471E+001	-2,85715145181471E+001	3,31659207202891E-005	-1,22315387712162E+000	-1,22315387712162E+000	1,08539844489009E-004	-1,16717667802404E+001	-1,16717667802404E+001	0,00000000000000E+000
                      	   67	           4	-7,50000000000000E+000	-2,37500000000000E+000	-2,93224146327704E+001	-2,93224146327704E+001	3,38588896342413E-005	 1,29610961566336E+000	 0,00000000000000E+000	1,29610961566336E+000	-1,16575676070756E+001	-1,16575676070756E+001	0,00000000000000E+000
                      	   80	           5	-7,50000000000000E+000	-2,50000000000000E+000	-3,00514890332537E+001	-3,00514890332537E+001	3,44573406878155E-005	 2,96549089001091E+000	 0,00000000000000E+000	2,96549089001091E+000	-1,13829167797104E+001	-1,13829167797104E+001	0,00000000000000E+000
           Plate\_2\_4	 8800	           1	 7,50000000000000E+000	-2,00000000000000E+000	-2,70075326141784E+001	-2,70075326141784E+001	3,12405532378770E-005	 9,01778523898129E+000	-1,75836277253386E-005	9,01778523898129E+000	 1,04592491527038E+001	 0,00000000000000E+000	1,04592491527038E+001
 Element 13-21 (Plate)	 8801	           2	 7,50000000000000E+000	-2,12500000000000E+000	-2,78057836489278E+001	-2,78057836489278E+001	3,20838894584596E-005	 4,64551842177505E+000	-7,02239475607264E-005	4,64551842177505E+000	 1,13026179815992E+001	 0,00000000000000E+000	1,13026179815992E+001
                (ERSS)	 8802	           3	 7,50000000000000E+000	-2,25000000000000E+000	-2,85802316196203E+001	-2,85802316196203E+001	3,28386817878092E-005	 1,22636049699457E+000	-1,09531463306481E-004	1,22636049699457E+000	 1,16605472534900E+001	 0,00000000000000E+000	1,16605472534900E+001
                      	 8803	           4	 7,50000000000000E+000	-2,37500000000000E+000	-2,93315108265369E+001	-2,93315108265369E+001	3,35069019717036E-005	-1,28937495423070E+000	-1,28937495423070E+000	0,00000000000000E+000	 1,16469013123146E+001	 0,00000000000000E+000	1,16469013123146E+001
                      	 8804	           5	 7,50000000000000E+000	-2,50000000000000E+000	-3,00602555699591E+001	-3,00602555699591E+001	3,40905217559205E-005	-2,95137435077128E+000	-2,95137435077128E+000	0,00000000000000E+000	 1,13735301551777E+001	 0,00000000000000E+000	1,13735301551777E+001
           Plate\_1\_5	   80	           1	-7,50000000000000E+000	-2,50000000000000E+000	-3,00543947000259E+001	-3,00543947000259E+001	3,44807764367478E-005	 3,25827462983094E+000	 0,00000000000000E+000	3,25827462983094E+000	-1,13829167797100E+001	-1,13829167797100E+001	0,00000000000000E+000
 Element 14-22 (Plate)	   83	           2	-7,50000000000000E+000	-2,75000000000000E+000	-3,14648988782702E+001	-3,14648988782702E+001	3,54441734285379E-005	 5,08316248379625E+000	 0,00000000000000E+000	5,08316248379625E+000	-1,03178652823850E+001	-1,03178652823850E+001	0,00000000000000E+000
                (ERSS)	   82	           3	-7,50000000000000E+000	-3,00000000000000E+000	-3,28153934962627E+001	-3,28153934962627E+001	3,61659400958066E-005	 5,95130308280020E+000	 0,00000000000000E+000	5,95130308280020E+000	-8,92281371456990E+000	-8,92281371456990E+000	0,00000000000000E+000
                      	   81	           4	-7,50000000000000E+000	-3,25000000000000E+000	-3,41057554586462E+001	-3,41057554586462E+001	3,66456125869237E-005	 5,99054875947803E+000	 0,00000000000000E+000	5,99054875947803E+000	-7,41056345730327E+000	-7,41056345730327E+000	0,00000000000000E+000
                      	  188	           5	-7,50000000000000E+000	-3,50000000000000E+000	-3,53358616700635E+001	-3,53358616700635E+001	3,68827270502588E-005	 5,32875184646500E+000	 0,00000000000000E+000	5,32875184646500E+000	-5,98413678192449E+000	-5,98413678192449E+000	0,00000000000000E+000
           Plate\_2\_5	 8804	           1	 7,50000000000000E+000	-2,50000000000000E+000	-3,00630316501000E+001	-3,00630316501000E+001	3,41123923018648E-005	-3,24533973691014E+000	-3,24533973691014E+000	0,00000000000000E+000	 1,13735301551780E+001	 0,00000000000000E+000	1,13735301551780E+001
 Element 17-25 (Plate)	 8642	           2	 7,50000000000000E+000	-2,75000000000000E+000	-3,14734509494279E+001	-3,14734509494279E+001	3,50314672336160E-005	-5,07469187088245E+000	-5,07469187088245E+000	0,00000000000000E+000	 1,03110778518002E+001	 0,00000000000000E+000	1,03110778518002E+001
                (ERSS)	 8643	           3	 7,50000000000000E+000	-3,00000000000000E+000	-3,28238453183923E+001	-3,28238453183923E+001	3,57107875676625E-005	-5,94504283134479E+000	-5,94504283134479E+000	0,00000000000000E+000	 8,91786938782102E+000	 0,00000000000000E+000	8,91786938782102E+000
                      	 8644	           4	 7,50000000000000E+000	-3,25000000000000E+000	-3,41141013556232E+001	-3,41141013556232E+001	3,61493868813103E-005	-5,98560073791699E+000	-5,98560073791699E+000	0,00000000000000E+000	 7,40698167987429E+000	 0,00000000000000E+000	7,40698167987429E+000
                      	 9799	           5	 7,50000000000000E+000	-3,50000000000000E+000	-3,53441056597503E+001	-3,53441056597503E+001	3,63462987518651E-005	-5,32557371021888E+000	-5,32557371021888E+000	0,00000000000000E+000	 5,98160908355180E+000	 0,00000000000000E+000	5,98160908355180E+000
           Plate\_1\_6	  188	           1	-7,50000000000000E+000	-3,50000000000000E+000	-3,53367166604393E+001	-3,53367166604393E+001	3,69299588230530E-005	 5,53770276510607E+000	 0,00000000000000E+000	5,53770276510607E+000	-5,98413678192453E+000	-5,98413678192453E+000	0,00000000000000E+000
 Element 18-26 (Plate)	  191	           2	-7,50000000000000E+000	-3,87500000000000E+000	-3,70740525707471E+001	-3,70740525707471E+001	3,69077706735802E-005	 4,25445084452677E+000	 0,00000000000000E+000	4,25445084452677E+000	-4,14810215050683E+000	-4,14810215050683E+000	0,00000000000000E+000
                (ERSS)	  190	           3	-7,50000000000000E+000	-4,25000000000000E+000	-3,86814080881914E+001	-3,86814080881914E+001	3,65932584649021E-005	 3,06136270150922E+000	 0,00000000000000E+000	3,06136270150922E+000	-2,78430617379859E+000	-2,78430617379859E+000	0,00000000000000E+000
                      	  189	           4	-7,50000000000000E+000	-4,62500000000000E+000	-4,01567889156480E+001	-4,01567889156480E+001	3,60067284540300E-005	 2,05752358113822E+000	 0,00000000000000E+000	2,05752358113822E+000	-1,82790609409485E+000	-1,82790609409485E+000	0,00000000000000E+000
                      	  416	           5	-7,50000000000000E+000	-5,00000000000000E+000	-4,14982007559924E+001	-4,14982007559924E+001	3,51684868979754E-005	 1,34201872849858E+000	 0,00000000000000E+000	1,34201872849858E+000	-1,20286888895650E+000	-1,20286888895650E+000	0,00000000000000E+000
           Plate\_2\_6	 9799	           1	 7,50000000000000E+000	-3,50000000000000E+000	-3,53451787678518E+001	-3,53451787678518E+001	3,63924328783755E-005	-5,53366176823894E+000	-5,53366176823894E+000	0,00000000000000E+000	 5,98160908355193E+000	 0,00000000000000E+000	5,98160908355193E+000
 Element 21-29 (Plate)	 9800	           2	 7,50000000000000E+000	-3,87500000000000E+000	-3,70819408646495E+001	-3,70819408646495E+001	3,63165846740668E-005	-4,25175184795899E+000	-4,25175184795899E+000	0,00000000000000E+000	 4,14685180960447E+000	 0,00000000000000E+000	4,14685180960447E+000
                (ERSS)	 9801	           3	 7,50000000000000E+000	-4,25000000000000E+000	-3,86888605281650E+001	-3,86888605281650E+001	3,59540170142002E-005	-3,05998444359176E+000	-3,05998444359176E+000	0,00000000000000E+000	 2,78379555009436E+000	 0,00000000000000E+000	2,78379555009436E+000
                      	 9802	           4	 7,50000000000000E+000	-4,62500000000000E+000	-4,01641015223970E+001	-4,01641015223970E+001	3,53243482693675E-005	-2,05699386873794E+000	-2,05699386873794E+000	0,00000000000000E+000	 1,82774867791188E+000	 0,00000000000000E+000	1,82774867791188E+000
                      	10469	           5	 7,50000000000000E+000	-5,00000000000000E+000	-4,15058276113441E+001	-4,15058276113441E+001	3,44471968101606E-005	-1,34141443699822E+000	-1,34141443699822E+000	0,00000000000000E+000	 1,20288070776189E+000	 0,00000000000000E+000	1,20288070776189E+000
           Plate\_1\_7	  416	           1	-7,50000000000000E+000	-5,00000000000000E+000	-4,15120865427802E+001	-4,15120865427802E+001	3,51800135122073E-005	 1,47284962505157E+000	 0,00000000000000E+000	1,47284962505157E+000	-1,20286888895630E+000	-1,20286888895630E+000	0,00000000000000E+000
 Element 22-30 (Plate)	  419	           2	-7,50000000000000E+000	-5,13750000000000E+000	-4,20321753500855E+001	-4,20321753500855E+001	3,47571361499250E-005	 1,39507188744262E+000	 0,00000000000000E+000	1,39507188744262E+000	-1,00546504093205E+000	-1,00546504093205E+000	0,00000000000000E+000
                (ERSS)	  418	           3	-7,50000000000000E+000	-5,27500000000000E+000	-4,25384346962587E+001	-4,25384346962587E+001	3,43030616780025E-005	 1,29610384465204E+000	 0,00000000000000E+000	1,29610384465204E+000	-8,20223832777172E-001	-8,20223832777172E-001	0,00000000000000E+000
                      	  417	           4	-7,50000000000000E+000	-5,41250000000000E+000	-4,30305894891809E+001	-4,30305894891809E+001	3,38185991642230E-005	 1,17897176730811E+000	 0,00000000000000E+000	1,17897176730811E+000	-6,49786180410161E-001	-6,49786180410161E-001	0,00000000000000E+000
                      	  493	           5	-7,50000000000000E+000	-5,55000000000000E+000	-4,35083646367335E+001	-4,35083646367335E+001	3,33045576763696E-005	 1,04670192603911E+000	 0,00000000000000E+000	1,04670192603911E+000	-4,96671034185176E-001	-4,96671034185176E-001	0,00000000000000E+000
           Plate\_2\_7	10469	           1	 7,50000000000000E+000	-5,00000000000000E+000	-4,15192134043729E+001	-4,15192134043729E+001	3,44596324536175E-005	-1,47260158250563E+000	-1,47260158250563E+000	0,00000000000000E+000	 1,20288070776164E+000	 0,00000000000000E+000	1,20288070776164E+000
 Element 25-33 (Plate)	10470	           2	 7,50000000000000E+000	-5,13750000000000E+000	-4,20390566454479E+001	-4,20390566454479E+001	3,40219328587738E-005	-1,39507148248976E+000	-1,39507148248976E+000	0,00000000000000E+000	 1,00549316080684E+000	 0,00000000000000E+000	1,00549316080684E+000
                (ERSS)	10471	           3	 7,50000000000000E+000	-5,27500000000000E+000	-4,25451206067452E+001	-4,25451206067452E+001	3,35537200748476E-005	-1,29629678731148E+000	-1,29629678731148E+000	0,00000000000000E+000	 8,20238347238437E-001	 0,00000000000000E+000	8,20238347238437E-001
                      	10472	           4	 7,50000000000000E+000	-5,41250000000000E+000	-4,30371184543114E+001	-4,30371184543114E+001	3,30558346864884E-005	-1,17931717311517E+000	-1,17931717311517E+000	0,00000000000000E+000	 6,49763101654158E-001	 0,00000000000000E+000	6,49763101654158E-001
                      	10488	           5	 7,50000000000000E+000	-5,55000000000000E+000	-4,35147633541929E+001	-4,35147633541929E+001	3,25291172783457E-005	-1,04717231604515E+000	-1,04717231604515E+000	0,00000000000000E+000	 4,96591723503749E-001	 0,00000000000000E+000	4,96591723503749E-001
           Plate\_1\_8	  493	           1	-7,50000000000000E+000	-5,55000000000000E+000	-4,35085738601999E+001	-4,35085738601999E+001	3,33059478338136E-005	 1,05155411857179E+000	 0,00000000000000E+000	1,05155411857179E+000	-4,96671034185227E-001	-4,96671034185227E-001	0,00000000000000E+000
 Element 27-49 (Plate)	  496	           2	-7,50000000000000E+000	-5,66250000000000E+000	-4,38891056849801E+001	-4,38891056849801E+001	3,28671595023373E-005	 9,48860704281320E-001	 0,00000000000000E+000	9,48860704281320E-001	-3,84210038748421E-001	-3,84210038748421E-001	0,00000000000000E+000
                (ERSS)	  495	           3	-7,50000000000000E+000	-5,77500000000000E+000	-4,42604151686202E+001	-4,42604151686202E+001	3,24132991008820E-005	 8,50563437898504E-001	 0,00000000000000E+000	8,50563437898504E-001	-2,83018641703131E-001	-2,83018641703131E-001	0,00000000000000E+000
                      	  494	           4	-7,50000000000000E+000	-5,88750000000000E+000	-4,46222313479922E+001	-4,46222313479922E+001	3,19449039732732E-005	 7,57015993629892E-001	 0,00000000000000E+000	7,57015993629892E-001	-1,92611013965120E-001	-1,92611013965120E-001	0,00000000000000E+000
                      	  881	           5	-7,50000000000000E+000	-6,00000000000000E+000	-4,49742832599681E+001	-4,49742832599681E+001	3,14625114633366E-005	 6,68572045682041E-001	 0,00000000000000E+000	6,68572045682041E-001	-1,12492730103328E-001	-1,12492730103328E-001	0,00000000000000E+000
           Plate\_2\_8	10488	           1	 7,50000000000000E+000	-5,55000000000000E+000	-4,35149605434406E+001	-4,35149605434406E+001	3,25305088642135E-005	-1,05204392887926E+000	-1,05204392887926E+000	0,00000000000000E+000	 4,96591723503464E-001	 0,00000000000000E+000	4,96591723503464E-001
 Element 30-52 (Plate)	10489	           2	 7,50000000000000E+000	-5,66250000000000E+000	-4,38953730828765E+001	-4,38953730828765E+001	3,20819917780622E-005	-9,49401520757588E-001	-9,49401520757588E-001	0,00000000000000E+000	 3,84072762108688E-001	 0,00000000000000E+000	3,84072762108688E-001
                (ERSS)	10490	           3	 7,50000000000000E+000	-5,77500000000000E+000	-4,42665597223586E+001	-4,42665597223586E+001	3,16189175294720E-005	-8,51147911170539E-001	-8,51147911170539E-001	0,00000000000000E+000	 2,82817880201434E-001	 0,00000000000000E+000	2,82817880201434E-001
                      	10491	           4	 7,50000000000000E+000	-5,88750000000000E+000	-4,46282504360401E+001	-4,46282504360401E+001	3,11418559585687E-005	-7,57630392951875E-001	-7,57630392951875E-001	0,00000000000000E+000	 1,92342715073525E-001	 0,00000000000000E+000	1,92342715073525E-001
                      	10492	           5	 7,50000000000000E+000	-6,00000000000000E+000	-4,49801751980742E+001	-4,49801751980742E+001	3,06513769054781E-005	-6,69196258935350E-001	-6,69196258935350E-001	0,00000000000000E+000	 1,12154525125377E-001	 0,00000000000000E+000	1,12154525125377E-001
           Plate\_1\_9	  881	           1	-7,50000000000000E+000	-6,00000000000000E+000	-4,49741640518812E+001	-4,49741640518812E+001	3,14662731860883E-005	 6,67533448889684E-001	 0,00000000000000E+000	6,67533448889684E-001	-1,12492730103568E-001	-1,12492730103568E-001	0,00000000000000E+000
 Element 31-53 (Plate)	  884	           2	-7,50000000000000E+000	-6,25000000000000E+000	-4,57224344709631E+001	-4,57224344709631E+001	3,03483595020810E-005	 4,96033053527664E-001	 0,00000000000000E+000	4,96033053527664E-001	 3,23444638675887E-002	-5,77457989545175E-004	3,23444638675887E-002
                (ERSS)	  883	           3	-7,50000000000000E+000	-6,50000000000000E+000	-4,64222118926873E+001	-4,64222118926873E+001	2,91858896315129E-005	 3,50657155996865E-001	 0,00000000000000E+000	3,50657155996865E-001	 1,37712312346326E-001	-4,20191022580844E-006	1,37712312346326E-001
                      	  882	           4	-7,50000000000000E+000	-6,75000000000000E+000	-4,70728094838430E+001	-4,70728094838430E+001	2,79814880731442E-005	 2,29715057804013E-001	 0,00000000000000E+000	2,29715057804013E-001	 2,09748616226283E-001	-4,08421923434770E-006	2,09748616226283E-001
                      	 1868	           5	-7,50000000000000E+000	-7,00000000000000E+000	-4,76735404112194E+001	-4,76735404112194E+001	2,67377793257352E-005	 1,31516060455834E-001	-3,36036239863793E-007	1,31516060455834E-001	 2,54451457970626E-001	-4,13878399818018E-006	2,54451457970626E-001
           Plate\_2\_9	10492	           1	 7,50000000000000E+000	-6,00000000000000E+000	-4,49800438313970E+001	-4,49800438313970E+001	3,06549211248914E-005	-6,68206762769780E-001	-6,68206762769780E-001	0,00000000000000E+000	 1,12154525125269E-001	 0,00000000000000E+000	1,12154525125269E-001
 Element 34-56 (Plate)	10136	           2	 7,50000000000000E+000	-6,25000000000000E+000	-4,57280404440394E+001	-4,57280404440394E+001	2,95207983131231E-005	-4,96502429400246E-001	-4,96502429400246E-001	0,00000000000000E+000	-3,28296239084147E-002	-3,28296239084147E-002	4,95670642451995E-004
                (ERSS)	10137	           3	 7,50000000000000E+000	-6,50000000000000E+000	-4,64274816223506E+001	-4,64274816223506E+001	2,83441293777216E-005	-3,50834285632450E-001	-3,50834285632450E-001	0,00000000000000E+000	-1,38276285143101E-001	-1,38276285143101E-001	4,17395426303431E-006
                      	10138	           4	 7,50000000000000E+000	-6,75000000000000E+000	-4,70776758036559E+001	-4,70776758036559E+001	2,71274557056469E-005	-2,29619188140528E-001	-2,29619188140528E-001	1,55483985982828E-008	-2,10323964601497E-001	-2,10323964601497E-001	4,06266738148256E-006
                      	10135	           5	 7,50000000000000E+000	-7,00000000000000E+000	-4,76779314252802E+001	-4,76779314252802E+001	2,58733186838589E-005	-1,31273993598617E-001	-1,31273993598617E-001	3,55040693566898E-007	-2,54979622169233E-001	-2,54979622169233E-001	4,12247820375026E-006
          Plate\_1\_10	 1868	           1	-7,50000000000000E+000	-7,00000000000000E+000	-4,76725400159191E+001	-4,76725400159191E+001	2,67537045701965E-005	 1,25865396150287E-001	-5,24511129346721E-007	1,25865396150287E-001	 2,54451457970754E-001	-4,13878400019781E-006	2,54451457970754E-001
 Element 35-57 (Plate)	 1871	           2	-7,50000000000000E+000	-7,38750000000000E+000	-4,85026325706049E+001	-4,85026325706049E+001	2,47571925637362E-005	-3,36078119752942E-003	-3,36078119752942E-003	2,71613574650030E-003	 2,77780843106667E-001	-4,30369741205597E-006	2,77780843106667E-001
                (ERSS)	 1870	           3	-7,50000000000000E+000	-7,77500000000000E+000	-4,92056357155402E+001	-4,92056357155402E+001	2,27426749378106E-005	-1,22325027036155E-001	-1,22325027036155E-001	3,36053873954351E-007	 2,53206523930260E-001	-4,29294644875016E-006	2,53206523930260E-001
                      	 1869	           4	-7,50000000000000E+000	-8,16250000000000E+000	-4,97808414378690E+001	-4,97808414378690E+001	2,07202827016396E-005	-2,33296608891837E-001	-2,33296608891837E-001	1,15038699383436E-006	 1,83988867981157E-001	-4,01446369127301E-006	1,83988867981157E-001
                      	 1888	           5	-7,50000000000000E+000	-8,55000000000000E+000	-5,02275417247352E+001	-5,02275417247352E+001	1,87001468644437E-005	-3,38544794290824E-001	-3,38544794290824E-001	2,08685601146996E-006	 7,31056532058599E-002	-3,38795316810749E-006	7,31056532058599E-002
          Plate\_2\_10	10135	           1	 7,50000000000000E+000	-7,00000000000000E+000	-4,76768213196243E+001	-4,76768213196243E+001	2,58871572113904E-005	-1,26044283899637E-001	-1,26044283899637E-001	5,40391722651652E-007	-2,54979622169094E-001	-2,54979622169094E-001	4,12247819487910E-006
 Element 38-60 (Plate)	10118	           2	 7,50000000000000E+000	-7,38750000000000E+000	-4,85064149407395E+001	-4,85064149407395E+001	2,38827547268865E-005	 2,74789629736334E-003	-2,97107012361934E-003	2,74789629736334E-003	-2,78483636997533E-001	-2,78483636997533E-001	4,29457852295289E-006
                (ERSS)	10119	           3	 7,50000000000000E+000	-7,77500000000000E+000	-4,92087093217485E+001	-4,92087093217485E+001	2,18625528666829E-005	 1,21899757929068E-001	-3,26621747963180E-007	1,21899757929068E-001	-2,54128551738938E-001	-2,54128551738938E-001	4,28922393765470E-006
                      	10120	           4	 7,50000000000000E+000	-8,16250000000000E+000	-4,97829815483178E+001	-4,97829815483178E+001	1,98374059053805E-005	 2,33644148286944E-001	-1,15495147831714E-006	2,33644148286944E-001	-1,84945774874671E-001	-1,84945774874671E-001	4,01199320831590E-006
                      	10285	           5	 7,50000000000000E+000	-8,55000000000000E+000	-5,02285087061141E+001	-5,02285087061141E+001	1,78181681175800E-005	 3,40213914662460E-001	-2,10442097979601E-006	3,40213914662460E-001	-7,36883658503689E-002	-7,36883658503689E-002	3,38095948025600E-006
          Plate\_1\_11	 1888	           1	-7,50000000000000E+000	-8,55000000000000E+000	-5,02277310126488E+001	-5,02277310126488E+001	1,87225863551865E-005	-3,39188867763252E-001	-3,39188867763252E-001	2,01262968490597E-006	 7,31056532059928E-002	-3,38795316741421E-006	7,31056532059928E-002
 Element 40-71 (Plate)	 1891	           2	-7,50000000000000E+000	-8,72500000000000E+000	-5,03876163368462E+001	-5,03876163368462E+001	1,78478071374739E-005	-3,87263713745436E-001	-3,87263713745436E-001	2,33817831693749E-006	 9,54369689351035E-003	-3,00660952805233E-006	9,54369689351035E-003
                (ERSS)	 1890	           3	-7,50000000000000E+000	-8,90000000000000E+000	-5,05215887903526E+001	-5,05215887903526E+001	1,70016027083032E-005	-4,33905753607227E-001	-4,33905753607227E-001	2,60957247465195E-006	-6,23610892359582E-002	-6,23610892359582E-002	0,00000000000000E+000
                      	 1889	           4	-7,50000000000000E+000	-9,07500000000000E+000	-5,06295537132241E+001	-5,06295537132241E+001	1,61856913892783E-005	-4,78596496969346E-001	-4,78596496969346E-001	2,82371270047510E-006	-1,42244650202912E-001	-1,42244650202912E-001	0,00000000000000E+000
                      	 1908	           5	-7,50000000000000E+000	-9,25000000000000E+000	-5,07114164455168E+001	-5,07114164455168E+001	1,54017915020028E-005	-5,20817453452511E-001	-5,20817453452511E-001	2,97749953683268E-006	-2,29717890453272E-001	-2,29717890453272E-001	0,00000000000000E+000
          Plate\_2\_11	10285	           1	 7,50000000000000E+000	-8,55000000000000E+000	-5,02286996129776E+001	-5,02286996129776E+001	1,78402180451516E-005	 3,40374677926524E-001	-2,03058306088076E-006	3,40374677926524E-001	-7,36883658502636E-002	-7,36883658502636E-002	3,38095948899484E-006
 Element 41-72 (Plate)	10286	           2	 7,50000000000000E+000	-8,72500000000000E+000	-5,03879764608778E+001	-5,03879764608778E+001	1,69664817939833E-005	 3,88715055919714E-001	-2,36027903899601E-006	3,88715055919714E-001	-9,89298808701122E-003	-9,89298808701122E-003	2,99608648811459E-006
                (ERSS)	10287	           3	 7,50000000000000E+000	-8,90000000000000E+000	-5,05213121911318E+001	-5,05213121911318E+001	1,61221457718018E-005	 4,35441696021651E-001	-2,63419093394450E-006	4,35441696021651E-001	 6,22757362529240E-002	 0,00000000000000E+000	6,22757362529240E-002
                      	10288	           4	 7,50000000000000E+000	-9,07500000000000E+000	-5,06286143217232E+001	-5,06286143217232E+001	1,53089266924239E-005	 4,80042211505101E-001	-2,84933728759223E-006	4,80042211505101E-001	 1,42422870273426E-001	 0,00000000000000E+000	1,42422870273426E-001
                      	10525	           5	 7,50000000000000E+000	-9,25000000000000E+000	-5,07097903706356E+001	-5,07097903706356E+001	1,45285412696663E-005	 5,22004215642831E-001	-3,00273664180520E-006	5,22004215642831E-001	 2,30128761899821E-001	 0,00000000000000E+000	2,30128761899821E-001
          Plate\_1\_12	 1908	           1	-7,50000000000000E+000	-9,25000000000000E+000	-5,07113707190815E+001	-5,07113707190815E+001	1,54039361326158E-005	-5,17863051103656E-001	-5,17863051103656E-001	2,96473130451072E-006	-2,29717890453416E-001	-2,29717890453416E-001	0,00000000000000E+000
 Element 42-73 (Plate)	 1911	           2	-7,50000000000000E+000	-9,37500000000000E+000	-5,07538149844271E+001	-5,07538149844271E+001	1,48692732904735E-005	-5,44266918022340E-001	-5,44266918022340E-001	3,02466745314720E-006	-2,96186997115406E-001	-2,96186997115406E-001	0,00000000000000E+000
                (ERSS)	 1910	           3	-7,50000000000000E+000	-9,50000000000000E+000	-5,07827307711252E+001	-5,07827307711252E+001	1,43567560876293E-005	-5,59171107210609E-001	-5,59171107210609E-001	3,01082514345158E-006	-3,65318127432232E-001	-3,65318127432232E-001	0,00000000000000E+000
                      	 1909	           4	-7,50000000000000E+000	-9,62500000000000E+000	-5,07980873860254E+001	-5,07980873860254E+001	1,38669961728665E-005	-5,60893741477772E-001	-5,60893741477772E-001	2,91676268994195E-006	-4,35463145222995E-001	-4,35463145222995E-001	0,00000000000000E+000
                      	 2249	           5	-7,50000000000000E+000	-9,75000000000000E+000	-5,07998541359771E+001	-5,07998541359771E+001	1,34006051949687E-005	-5,47752943633136E-001	-5,47752943633136E-001	2,73603840713637E-006	-5,04910177075343E-001	-5,04910177075343E-001	0,00000000000000E+000
          Plate\_2\_12	10525	           1	 7,50000000000000E+000	-9,25000000000000E+000	-5,07097497657683E+001	-5,07097497657683E+001	1,45306830539874E-005	 5,19018791098102E-001	-2,99004161073985E-006	5,19018791098102E-001	 2,30128761899938E-001	 0,00000000000000E+000	2,30128761899938E-001
 Element 43-74 (Plate)	10526	           2	 7,50000000000000E+000	-9,37500000000000E+000	-5,07516992579794E+001	-5,07516992579794E+001	1,39990961179702E-005	 5,45249207518640E-001	-3,04937852541124E-006	5,45249207518640E-001	 2,96732024296123E-001	 0,00000000000000E+000	2,96732024296123E-001
                (ERSS)	10527	           3	 7,50000000000000E+000	-9,50000000000000E+000	-5,07801272020642E+001	-5,07801272020642E+001	1,34900854929106E-005	 5,59968518556285E-001	-3,03445041563232E-006	5,59968518556285E-001	 3,65973795346590E-001	 0,00000000000000E+000	3,65973795346590E-001
                      	10528	           4	 7,50000000000000E+000	-9,62500000000000E+000	-5,07950024691578E+001	-5,07950024691578E+001	1,30042438898874E-005	 5,61535707443094E-001	-2,93891285302429E-006	5,61535707443094E-001	 4,36208797017983E-001	 0,00000000000000E+000	4,36208797017983E-001
                      	10548	           5	 7,50000000000000E+000	-9,75000000000000E+000	-5,07962939303955E+001	-5,07962939303955E+001	1,25421640199792E-005	 5,48309757411123E-001	-2,75642140920836E-006	5,48309757411123E-001	 5,05729563812398E-001	 0,00000000000000E+000	5,05729563812398E-001
          Plate\_1\_13	 2249	           1	-7,50000000000000E+000	-9,75000000000000E+000	-5,07998825479729E+001	-5,07998825479729E+001	1,34011949559713E-005	-5,42684421983302E-001	-5,42684421983302E-001	2,71812049096072E-006	-5,04910177075350E-001	-5,04910177075350E-001	0,00000000000000E+000
 Element 44-75 (Plate)	 2248	           2	-7,50000000000000E+000	-9,81250000000000E+000	-5,07956439640440E+001	-5,07956439640440E+001	1,31774313143887E-005	-5,24737249602316E-001	-5,24737249602316E-001	2,57252690832193E-006	-5,38329316094367E-001	-5,38329316094367E-001	5,62954593507726E-008
                (ERSS)	 2247	           3	-7,50000000000000E+000	-9,87500000000000E+000	-5,07881814690139E+001	-5,07881814690139E+001	1,29604132097952E-005	-4,92121917558540E-001	-4,92121917558540E-001	2,36750448435573E-006	-5,70200441358703E-001	-5,70200441358703E-001	2,11044329838695E-007
                      	 2246	           4	-7,50000000000000E+000	-9,93750000000000E+000	-5,07775257312205E+001	-5,07775257312205E+001	1,27504717558364E-005	-4,43605614656218E-001	-4,43605614656218E-001	2,09961694110138E-006	-5,99527680470457E-001	-5,99527680470457E-001	3,50992976197873E-007
                      	 2270	           5	-7,50000000000000E+000	-1,00000000000000E+001	-5,07637074190015E+001	-5,07637074190015E+001	1,25479380661579E-005	-3,77955529699595E-001	-3,77955529699595E-001	1,76542800059819E-006	-6,25290847292018E-001	-6,25290847292018E-001	4,72108762623114E-007
          Plate\_2\_13	10548	           1	 7,50000000000000E+000	-9,75000000000000E+000	-5,07963154971048E+001	-5,07963154971048E+001	1,25426369719113E-005	 5,43322157837421E-001	-2,73906113123887E-006	5,43322157837421E-001	 5,05729563811759E-001	 0,00000000000000E+000	5,05729563811759E-001
 Element 45-76 (Plate)	10544	           2	 7,50000000000000E+000	-9,81250000000000E+000	-5,07918056591944E+001	-5,07918056591944E+001	1,23212272431230E-005	 5,24935599807484E-001	-2,59057499704953E-006	5,24935599807484E-001	 5,39174121766485E-001	-9,27154991722629E-008	5,39174121766485E-001
                (ERSS)	10545	           3	 7,50000000000000E+000	-9,87500000000000E+000	-5,07840814438118E+001	-5,07840814438118E+001	1,21065954161090E-005	 4,92109629305518E-001	-2,38337639781001E-006	4,92109629305518E-001	 5,71049059765486E-001	-2,48518375924131E-007	5,71049059765486E-001
                      	10546	           4	 7,50000000000000E+000	-9,93750000000000E+000	-5,07731782856305E+001	-5,07731782856305E+001	1,18990518962246E-005	 4,43701931042170E-001	-2,11430600951584E-006	4,43701931042170E-001	 6,00377597076545E-001	-3,89418135583888E-007	6,00377597076545E-001
                      	10547	           5	 7,50000000000000E+000	-1,00000000000000E+001	-5,07591316193241E+001	-5,07591316193241E+001	1,16989070888252E-005	 3,78570189728085E-001	-1,78020450816255E-006	3,78570189728085E-001	 6,26160362069785E-001	-5,11446390140980E-007	6,26160362069785E-001
          Plate\_1\_14	 2270	           1	-7,50000000000000E+000	-1,00000000000000E+001	-5,07634344144461E+001	-5,07634344144461E+001	1,25478649669618E-005	-3,75243217921199E-001	-3,75243217921199E-001	1,75227900074502E-006	-6,25290847291973E-001	-6,25290847291973E-001	4,72108746906340E-007
 Element 46-77 (Plate)	 2273	           2	-7,50000000000000E+000	-1,00625000000000E+001	-5,06555348254962E+001	-5,06555348254962E+001	1,22133621846050E-005	-2,36127377861983E-001	-2,36127377861983E-001	1,14473542748519E-006	-6,44282465422691E-001	-6,44282465422691E-001	5,62084935193748E-007
                (ERSS)	 2272	           3	-7,50000000000000E+000	-1,01250000000000E+001	-5,05467726315083E+001	-5,05467726315083E+001	1,18822641070335E-005	-1,17699805907655E-001	-1,17699805907655E-001	6,36536603943554E-007	-6,55236968246832E-001	-6,55236968246832E-001	6,17274029387363E-007
                      	 2271	           4	-7,50000000000000E+000	-1,01875000000000E+001	-5,04371007968078E+001	-5,04371007968078E+001	1,15546808197327E-005	-1,94638996189855E-002	-1,94638996189855E-002	2,23564422729117E-007	-6,59418774717797E-001	-6,59418774717797E-001	6,43653234948538E-007
                      	 3220	           5	-7,50000000000000E+000	-1,02500000000000E+001	-5,03264722857198E+001	-5,03264722857198E+001	1,12307224081880E-005	 5,90769434432560E-002	-9,82992235491320E-008	5,90769434432560E-002	-6,58080628587927E-001	-6,58080628587927E-001	6,47111919054171E-007
          Plate\_2\_14	10547	           1	 7,50000000000000E+000	-1,00000000000000E+001	-5,07588674428973E+001	-5,07588674428973E+001	1,16989624684946E-005	 3,75190524509033E-001	-1,76385806460459E-006	3,75190524509033E-001	 6,26160362069110E-001	-5,11446369334215E-007	6,26160362069110E-001
 Element 47-78 (Plate)	10330	           2	 7,50000000000000E+000	-1,00625000000000E+001	-5,06505281970099E+001	-5,06505281970099E+001	1,13687915235411E-005	 2,36150130646657E-001	-1,15044730743154E-006	2,36150130646657E-001	 6,45151287663484E-001	-6,01957806521380E-007	6,45151287663484E-001
                (ERSS)	10331	           3	 7,50000000000000E+000	-1,01250000000000E+001	-5,05413313190153E+001	-5,05413313190153E+001	1,10420748318202E-005	 1,17745846388889E-001	-6,37252206660866E-007	1,17745846388889E-001	 6,56108259741154E-001	-6,57343943128145E-007	6,56108259741154E-001
                      	10332	           4	 7,50000000000000E+000	-1,01875000000000E+001	-5,04312302399391E+001	-5,04312302399391E+001	1,07189258102242E-005	 1,94758204211985E-002	-2,20070282211566E-007	1,94758204211985E-002	 6,60292158005938E-001	-6,83631953612844E-007	6,60292158005938E-001
                      	10643	           5	 7,50000000000000E+000	-1,02500000000000E+001	-5,03201783908070E+001	-5,03201783908070E+001	1,03994578756458E-005	-5,91617985709469E-002	-5,91617985709469E-002	1,05300945997372E-007	 6,58952086862395E-001	-6,86759466895686E-007	6,58952086862395E-001
          Plate\_1\_15	 3220	           1	-7,50000000000000E+000	-1,02500000000000E+001	-5,03260448249191E+001	-5,03260448249191E+001	1,12302280189220E-005	 6,27693149104261E-002	-1,16429795056351E-007	6,27693149104261E-002	-6,58080628588096E-001	-6,58080628588096E-001	6,47111922285002E-007
 Element 48-79 (Plate)	 3223	           2	-7,50000000000000E+000	-1,03471228822834E+001	-5,01512108746946E+001	-5,01512108746946E+001	1,07320776444270E-005	 1,56957491648747E-001	-4,99972990143619E-007	1,56957491648747E-001	-6,47218396578934E-001	-6,47218396578934E-001	6,16365864602968E-007
                (ERSS)	 3222	           3	-7,50000000000000E+000	-1,04442457645668E+001	-4,99719735546884E+001	-4,99719735546884E+001	1,02395527647741E-005	 2,28253336096402E-001	-7,87330803958132E-007	2,28253336096402E-001	-6,28337900279207E-001	-6,28337900279207E-001	5,53129024803450E-007
                      	 3221	           4	-7,50000000000000E+000	-1,05413686468502E+001	-4,97883702884822E+001	-4,97883702884822E+001	9,75295892718459E-006	 2,77899519102849E-001	-9,84013952838256E-007	2,77899519102849E-001	-6,03571421509145E-001	-6,03571421509145E-001	4,66328763956901E-007
                      	 3366	           5	-7,50000000000000E+000	-1,06384915291337E+001	-4,96004384996574E+001	-4,96004384996574E+001	9,27260167887954E-006	 3,07138711517546E-001	-1,09553315312236E-006	3,07138711517546E-001	-5,75012534970980E-001	-5,75012534970980E-001	3,64721626271801E-007
          Plate\_1\_15	 3366	           1	-7,50000000000000E+000	-1,06384915291337E+001	-4,96000280319705E+001	-4,96000280319705E+001	9,27227618781817E-006	 3,09962696460607E-001	-1,10766816951723E-006	3,09962696460607E-001	-5,75012534970633E-001	-5,75012534970633E-001	3,64721617660164E-007
 Element 48-80 (Plate)	 3369	           2	-7,50000000000000E+000	-1,07419313894903E+001	-4,93942175160037E+001	-4,93942175160037E+001	8,76682783303589E-006	 3,27304147736703E-001	-1,17069004029311E-006	3,27304147736703E-001	-5,41970931686704E-001	-5,41970931686704E-001	2,46547241159323E-007
                (ERSS)	 3368	           3	-7,50000000000000E+000	-1,08453712498470E+001	-4,91817544536956E+001	-4,91817544536956E+001	8,26731568119044E-006	 3,34848518754659E-001	-1,19398043909448E-006	3,34848518754659E-001	-5,07641209538188E-001	-5,07641209538188E-001	1,23914317435005E-007
                      	 3367	           4	-7,50000000000000E+000	-1,09488111102037E+001	-4,89627147574888E+001	-4,89627147574888E+001	7,77409002129473E-006	 3,33228408247902E-001	-1,18018548375256E-006	3,33228408247902E-001	-4,72997374886609E-001	-4,72997374886609E-001	7,57834421588063E-010
                      	 4246	           5	-7,50000000000000E+000	-1,10522509705603E+001	-4,87371743398263E+001	-4,87371743398263E+001	7,28750114236170E-006	 3,23076414949857E-001	-1,13195129209857E-006	3,23076414949857E-001	-4,38993389686971E-001	-4,38993389686971E-001	0,00000000000000E+000
          Plate\_1\_15	 4246	           1	-7,50000000000000E+000	-1,10522509705603E+001	-4,87367710592088E+001	-4,87367710592088E+001	7,28728684175802E-006	 3,24494405070489E-001	-1,13778471946241E-006	3,24494405070489E-001	-4,38993389687188E-001	-4,38993389687188E-001	0,00000000000000E+000
 Element 48-81 (Plate)	 4247	           2	-7,50000000000000E+000	-1,11624186721261E+001	-4,84885971871984E+001	-4,84885971871984E+001	6,77589266662439E-006	 3,08720347300738E-001	-1,06673784883847E-006	3,08720347300738E-001	-4,04091588440681E-001	-4,04091588440681E-001	0,00000000000000E+000
                (ERSS)	 4248	           3	-7,50000000000000E+000	-1,12725863736919E+001	-4,82313808316093E+001	-4,82313808316093E+001	6,27138721651795E-006	 2,90057287319581E-001	-9,84522831691496E-007	2,90057287319581E-001	-3,71080315178248E-001	-3,71080315178248E-001	0,00000000000000E+000
                      	 4249	           4	-7,50000000000000E+000	-1,13827540752577E+001	-4,79652311481570E+001	-4,79652311481570E+001	5,77414098679394E-006	 2,68845624517774E-001	-8,92514570339153E-007	2,68845624517774E-001	-3,40260469888986E-001	-3,40260469888986E-001	0,00000000000000E+000
                      	 4288	           5	-7,50000000000000E+000	-1,14929217768235E+001	-4,76902572925567E+001	-4,76902572925567E+001	5,28452447280766E-006	 2,45425758286072E-001	-7,92087967099120E-007	2,45425758286072E-001	-3,11922241300218E-001	-3,11922241300218E-001	0,00000000000000E+000
          Plate\_1\_15	 4288	           1	-7,50000000000000E+000	-1,14929217768235E+001	-4,76898244448246E+001	-4,76898244448246E+001	5,28441747567555E-006	 2,46053545875069E-001	-7,94687712705919E-007	2,46053545875069E-001	-3,11922241300361E-001	-3,11922241300361E-001	0,00000000000000E+000
 Element 48-82 (Plate)	 4289	           2	-7,50000000000000E+000	-1,16102549057202E+001	-4,73864331001280E+001	-4,73864331001280E+001	4,77112797336364E-006	 2,20856417105826E-001	-6,87380745092450E-007	2,20856417105826E-001	-2,84540395862494E-001	-2,84540395862494E-001	0,00000000000000E+000
                (ERSS)	 4290	           3	-7,50000000000000E+000	-1,17275880346170E+001	-4,70712726116873E+001	-4,70712726116873E+001	4,26634491041197E-006	 1,96242609678082E-001	-5,83208735999295E-007	1,96242609678082E-001	-2,60073882735004E-001	-2,60073882735004E-001	0,00000000000000E+000
                      	 4291	           4	-7,50000000000000E+000	-1,18449211635137E+001	-4,67444896847617E+001	-4,67444896847617E+001	3,77047262230016E-006	 1,72361292910308E-001	-4,82777959859185E-007	1,72361292910308E-001	-2,38449601082001E-001	-2,38449601082001E-001	0,00000000000000E+000
                      	 5306	           5	-7,50000000000000E+000	-1,19622542924104E+001	-4,64062310246102E+001	-4,64062310246102E+001	3,28391544450780E-006	 1,49361636120976E-001	-3,86694691104851E-007	1,49361636120976E-001	-2,19590046342106E-001	-2,19590046342106E-001	0,00000000000000E+000
          Plate\_1\_15	 5306	           1	-7,50000000000000E+000	-1,19622542924104E+001	-4,64057360729653E+001	-4,64057360729653E+001	3,28393228314655E-006	 1,49531966197403E-001	-3,87424792118680E-007	1,49531966197403E-001	-2,19590046341803E-001	-2,19590046341803E-001	0,00000000000000E+000
 Element 48-83 (Plate)	 5307	           2	-7,50000000000000E+000	-1,20872188958380E+001	-4,60319511798237E+001	-4,60319511798237E+001	2,77601834353058E-006	 1,26802405977911E-001	-2,93144765098227E-007	1,26802405977911E-001	-2,02346860006426E-001	-2,02346860006426E-001	0,00000000000000E+000
                (ERSS)	 5308	           3	-7,50000000000000E+000	-1,22121834992655E+001	-4,56431569011294E+001	-4,56431569011294E+001	2,27908768897224E-006	 1,05944359476455E-001	-2,07447373632377E-007	1,05944359476455E-001	-1,87821568807160E-001	-1,87821568807160E-001	0,00000000000000E+000
                      	 5309	           4	-7,50000000000000E+000	-1,23371481026931E+001	-4,52395411751500E+001	-4,52395411751500E+001	1,79357128986189E-006	 8,69854618212567E-002	-1,30441690259123E-007	8,69854618212567E-002	-1,75783084617732E-001	-1,75783084617732E-001	0,00000000000000E+000
                      	 5336	           5	-7,50000000000000E+000	-1,24621127061207E+001	-4,48212919401532E+001	-4,48212919401532E+001	1,31990011658991E-006	 6,99533481405403E-002	-6,22367875164637E-008	6,99533481405403E-002	-1,66000080730478E-001	-1,66000080730478E-001	0,00000000000000E+000
          Plate\_1\_15	 5336	           1	-7,50000000000000E+000	-1,24621127061207E+001	-4,48206898532977E+001	-4,48206898532977E+001	1,32005137709369E-006	 6,98824263627540E-002	-6,19963142533444E-008	6,98824263627540E-002	-1,66000080730401E-001	-1,66000080730401E-001	0,00000000000000E+000
 Element 48-84 (Plate)	 5337	           2	-7,50000000000000E+000	-1,25952051434966E+001	-4,43580812596127E+001	-4,43580812596127E+001	8,28938045730665E-007	 5,38784533675468E-002	 0,00000000000000E+000	5,38784533675468E-002	-1,57787191395862E-001	-1,57787191395862E-001	0,00000000000000E+000
                (ERSS)	 5338	           3	-7,50000000000000E+000	-1,27282975808726E+001	-4,38764585947499E+001	-4,38764585947499E+001	3,52283912233212E-007	 3,97652584814568E-002	 0,00000000000000E+000	3,97652584814568E-002	-1,51575004712607E-001	-1,51575004712607E-001	0,00000000000000E+000
                      	 5339	           4	-7,50000000000000E+000	-1,28613900182485E+001	-4,33760521027196E+001	-4,33760521027196E+001	0,00000000000000E+000	 2,75141286036577E-002	 0,00000000000000E+000	2,75141286036577E-002	-1,47117270307995E-001	-1,47117270307995E-001	0,00000000000000E+000
                      	 6508	           5	-7,50000000000000E+000	-1,29944824556244E+001	-4,28570920275321E+001	-4,28570920275321E+001	0,00000000000000E+000	 1,70963506333231E-002	 0,00000000000000E+000	1,70963506333231E-002	-1,44169476583273E-001	-1,44169476583273E-001	0,00000000000000E+000
          Plate\_1\_15	 6508	           1	-7,50000000000000E+000	-1,29944824556244E+001	-4,28563158711056E+001	-4,28563158711056E+001	0,00000000000000E+000	 1,69580798116700E-002	 0,00000000000000E+000	1,69580798116700E-002	-1,44169476583733E-001	-1,44169476583733E-001	0,00000000000000E+000
 Element 48-85 (Plate)	 6509	           2	-7,50000000000000E+000	-1,31362313701235E+001	-4,22818695763753E+001	-4,22818695763753E+001	0,00000000000000E+000	 7,55225479956374E-003	 0,00000000000000E+000	7,55225479956374E-003	-1,42449738637930E-001	-1,42449738637930E-001	0,00000000000000E+000
                (ERSS)	 6510	           3	-7,50000000000000E+000	-1,32779802846226E+001	-4,16832550872628E+001	-4,16832550872628E+001	0,00000000000000E+000	-4,46362514444165E-004	-4,46362514444165E-004	1,91331072557446E-007	-1,41961957004974E-001	-1,41961957004974E-001	0,00000000000000E+000
                      	 6511	           4	-7,50000000000000E+000	-1,34197291991216E+001	-4,10607456971221E+001	-4,10607456971221E+001	0,00000000000000E+000	-7,08431718091328E-003	-7,08431718091328E-003	2,07807462876972E-007	-1,42512054458289E-001	-1,42512054458289E-001	0,00000000000000E+000
                      	 6532	           5	-7,50000000000000E+000	-1,35614781136207E+001	-4,04146146993072E+001	-4,04146146993072E+001	0,00000000000000E+000	-1,24081542504031E-002	-1,24081542504031E-002	2,17417675145386E-007	-1,43908304086395E-001	-1,43908304086395E-001	0,00000000000000E+000
          Plate\_1\_15	 6532	           1	-7,50000000000000E+000	-1,35614781136207E+001	-4,04135613580320E+001	-4,04135613580320E+001	0,00000000000000E+000	-1,25063369910027E-002	-1,25063369910027E-002	2,17836031191435E-007	-1,43908304086600E-001	-1,43908304086600E-001	0,00000000000000E+000
 Element 48-86 (Plate)	 6533	           2	-7,50000000000000E+000	-1,37124465319458E+001	-3,96976560044962E+001	-3,96976560044962E+001	0,00000000000000E+000	-1,70602985296504E-002	-1,70602985296504E-002	2,21856302014482E-007	-1,46152184595370E-001	-1,46152184595370E-001	0,00000000000000E+000
                (ERSS)	 6534	           3	-7,50000000000000E+000	-1,38634149502708E+001	-3,89506803997734E+001	-3,89506803997734E+001	0,00000000000000E+000	-2,06252901972527E-002	-2,06252901972527E-002	2,20123951608465E-007	-1,49009704164345E-001	-1,49009704164345E-001	0,00000000000000E+000
                      	 6535	           4	-7,50000000000000E+000	-1,40143833685958E+001	-3,81729419971396E+001	-3,81729419971396E+001	0,00000000000000E+000	-2,32189997307339E-002	-2,32189997307339E-002	2,12736503164070E-007	-1,52332307361233E-001	-1,52332307361233E-001	0,00000000000000E+000
                      	 7778	           5	-7,50000000000000E+000	-1,41653517869209E+001	-3,73647482498708E+001	-3,73647482498708E+001	0,00000000000000E+000	-2,48591148670178E-002	-2,48591148670178E-002	1,99791479871983E-007	-1,55972404730762E-001	-1,55972404730762E-001	0,00000000000000E+000
          Plate\_1\_15	 7778	           1	-7,50000000000000E+000	-1,41653517869209E+001	-3,73632483227723E+001	-3,73632483227723E+001	0,00000000000000E+000	-2,48395386995646E-002	-2,48395386995646E-002	1,99908475287418E-007	-1,55972404730946E-001	-1,55972404730946E-001	0,00000000000000E+000
 Element 48-87 (Plate)	 7779	           2	-7,50000000000000E+000	-1,43261393556448E+001	-3,64665058769475E+001	-3,64665058769475E+001	0,00000000000000E+000	-2,56624636515215E-002	-2,56624636515215E-002	1,80627114058840E-007	-1,60046674093106E-001	-1,60046674093106E-001	0,00000000000000E+000
                (ERSS)	 7780	           3	-7,50000000000000E+000	-1,44869269243687E+001	-3,55290502510412E+001	-3,55290502510412E+001	0,00000000000000E+000	-2,53168608463441E-002	-2,53168608463441E-002	1,55731230855533E-007	-1,64162486179831E-001	-1,64162486179831E-001	0,00000000000000E+000
                      	 7781	           4	-7,50000000000000E+000	-1,46477144930926E+001	-3,45512014378458E+001	-3,45512014378458E+001	0,00000000000000E+000	-2,37680916532804E-002	-2,37680916532804E-002	1,25291244482732E-007	-1,68125378575683E-001	-1,68125378575683E-001	0,00000000000000E+000
                      	 9023	           5	-7,50000000000000E+000	-1,48085020618166E+001	-3,35332794301540E+001	-3,35332794301540E+001	0,00000000000000E+000	-2,09815174415784E-002	-2,09815174415784E-002	8,93775737456706E-008	-1,71739141525670E-001	-1,71739141525670E-001	0,00000000000000E+000
          Plate\_1\_15	 9023	           1	-7,50000000000000E+000	-1,48085020618166E+001	-3,35310362201981E+001	-3,35310362201981E+001	0,00000000000000E+000	-2,07490190438490E-002	-2,07490190438490E-002	8,97636652272575E-008	-1,71739141525634E-001	-1,71739141525634E-001	0,00000000000000E+000
 Element 48-88 (Plate)	 9024	           2	-7,50000000000000E+000	-1,49797474291787E+001	-3,23991598637693E+001	-3,23991598637693E+001	0,00000000000000E+000	-1,61033057969543E-002	-1,61033057969543E-002	4,54102064793554E-008	-1,74928147471250E-001	-1,74928147471250E-001	0,00000000000000E+000
                (ERSS)	 9025	           3	-7,50000000000000E+000	-1,51509927965408E+001	-3,12124734149701E+001	-3,12124734149701E+001	0,00000000000000E+000	-8,98894644366638E-003	-8,98894644366638E-003	0,00000000000000E+000	-1,77113693100667E-001	-1,77113693100667E-001	0,00000000000000E+000
                      	 9026	           4	-7,50000000000000E+000	-1,53222381639029E+001	-2,99712575684727E+001	-2,99712575684727E+001	0,00000000000000E+000	 6,61095897113118E-004	-5,56355567652187E-008	6,61095897113118E-004	-1,77862826391111E-001	-1,77862826391111E-001	0,00000000000000E+000
                      	 9149	           5	-7,50000000000000E+000	-1,54934835312651E+001	-2,86757930189494E+001	-2,86757930189494E+001	0,00000000000000E+000	 1,29138581064825E-002	-1,11301736244680E-007	1,29138581064825E-002	-1,76738626774038E-001	-1,76738626774038E-001	0,00000000000000E+000
          Plate\_1\_15	 9149	           1	-7,50000000000000E+000	-1,54934835312651E+001	-2,86722611463190E+001	-2,86722611463190E+001	0,00000000000000E+000	 1,31725685278376E-002	-1,06995716334228E-007	1,31725685278376E-002	-1,76738626774144E-001	-1,76738626774144E-001	0,00000000000000E+000
 Element 48-89 (Plate)	 9150	           2	-7,50000000000000E+000	-1,56758668838820E+001	-2,72271324385151E+001	-2,72271324385151E+001	0,00000000000000E+000	 3,01672602168888E-002	-1,68218012112321E-007	3,01672602168888E-002	-1,72854149771955E-001	-1,72854149771955E-001	0,00000000000000E+000
                (ERSS)	 9151	           3	-7,50000000000000E+000	-1,58582502364989E+001	-2,57055093476192E+001	-2,57055093476192E+001	0,00000000000000E+000	 5,16046014832633E-002	-2,14169651871436E-007	5,16046014832633E-002	-1,65463877616442E-001	-1,65463877616442E-001	0,00000000000000E+000
                      	 9152	           4	-7,50000000000000E+000	-1,60406335891158E+001	-2,41074973831950E+001	-2,41074973831950E+001	0,00000000000000E+000	 7,75526398529236E-002	-2,41793249887691E-007	7,75526398529236E-002	-1,53752081197307E-001	-1,53752081197307E-001	0,00000000000000E+000
                      	 9365	           5	-7,50000000000000E+000	-1,62230169417327E+001	-2,24332020548061E+001	-2,24332020548061E+001	0,00000000000000E+000	 1,08079422851832E-001	-2,48031420437202E-007	1,08079422851832E-001	-1,36897834943487E-001	-1,36897834943487E-001	0,00000000000000E+000
          Plate\_1\_15	 9365	           1	-7,50000000000000E+000	-1,62230169417327E+001	-2,24273391596013E+001	-2,24273391596013E+001	0,00000000000000E+000	 1,04492093753581E-001	-2,16550875922253E-007	1,04492093753581E-001	-1,36897834943581E-001	-1,36897834943581E-001	0,00000000000000E+000
 Element 48-90 (Plate)	 9366	           2	-7,50000000000000E+000	-1,64172627062995E+001	-2,05510111577930E+001	-2,05510111577930E+001	0,00000000000000E+000	 1,44847720068936E-001	-1,95190931505034E-007	1,44847720068936E-001	-1,12672193299299E-001	-1,12672193299299E-001	0,00000000000000E+000
                (ERSS)	 9367	           3	-7,50000000000000E+000	-1,66115084708664E+001	-1,85629581320382E+001	-1,85629581320382E+001	0,00000000000000E+000	 1,79644330236086E-001	-1,49457581127875E-008	1,79644330236086E-001	-8,09337923642802E-002	-8,09337923642802E-002	0,00000000000000E+000
                      	 9368	           4	-7,50000000000000E+000	-1,68057542354332E+001	-1,64622065463158E+001	-1,64622065463158E+001	0,00000000000000E+000	 2,04418984893412E-001	 0,00000000000000E+000	2,04418984893412E-001	-4,35143219807629E-002	-4,35143219807629E-002	0,00000000000000E+000
                      	10663	           5	-7,50000000000000E+000	-1,70000000000000E+001	-1,42477828646046E+001	-1,42477828646046E+001	0,00000000000000E+000	 2,14708744679297E-001	 0,00000000000000E+000	2,14708744679297E-001	-2,50780283583856E-003	-2,50780283583856E-003	0,00000000000000E+000
          Plate\_2\_15	10643	           1	 7,50000000000000E+000	-1,02500000000000E+001	-5,03197530189167E+001	-5,03197530189167E+001	1,03989845762358E-005	-6,27359864571862E-002	-6,27359864571862E-002	1,23274880210792E-007	 6,58952086862719E-001	-6,86759483365794E-007	6,58952086862719E-001
 Element 49-91 (Plate)	10644	           2	 7,50000000000000E+000	-1,03471228822834E+001	-5,01442369965342E+001	-5,01442369965342E+001	9,90786019238095E-006	-1,57105036010459E-001	-1,57105036010459E-001	5,11046497599248E-007	 6,48083542896202E-001	-6,55133976219645E-007	6,48083542896202E-001
                (ERSS)	10645	           3	 7,50000000000000E+000	-1,04442457645668E+001	-4,99643190254288E+001	-4,99643190254288E+001	9,42250940666501E-006	-2,28506654404459E-001	-2,28506654404459E-001	8,01560593753490E-007	 6,29183233746949E-001	-5,90660831068488E-007	6,29183233746949E-001
                      	10646	           4	 7,50000000000000E+000	-1,05413686468502E+001	-4,97800309630051E+001	-4,97800309630051E+001	8,94322137345383E-006	-2,78202871309395E-001	-2,78202871309395E-001	1,00043467253869E-006	 6,04389154019318E-001	-5,02363423510025E-007	6,04389154019318E-001
                      	11411	           5	 7,50000000000000E+000	-1,06384915291337E+001	-4,95914046666676E+001	-4,95914046666676E+001	8,47028524711325E-006	-3,07455716395476E-001	-3,07455716395476E-001	1,11328623782001E-006	 5,75800015664698E-001	-3,99091072377024E-007	5,75800015664698E-001
          Plate\_2\_15	11411	           1	 7,50000000000000E+000	-1,06384915291337E+001	-4,95909940214978E+001	-4,95909940214978E+001	8,46996670920009E-006	-3,10265096175494E-001	-3,10265096175494E-001	1,12535423173392E-006	 5,75800015665107E-001	-3,99091052177967E-007	5,75800015665107E-001
 Element 49-92 (Plate)	11412	           2	 7,50000000000000E+000	-1,07419313894903E+001	-4,93844260421325E+001	-4,93844260421325E+001	7,97253413336168E-006	-3,27707219731531E-001	-3,27707219731531E-001	1,18928144579499E-006	 5,42721558304033E-001	-2,79035613243681E-007	5,42721558304033E-001
                (ERSS)	11413	           3	 7,50000000000000E+000	-1,08453712498470E+001	-4,91711960801708E+001	-4,91711960801708E+001	7,48118059569410E-006	-3,35321576074379E-001	-3,35321576074379E-001	1,21295010101567E-006	 5,08346433222380E-001	-1,54456191100176E-007	5,08346433222380E-001
                      	11414	           4	 7,50000000000000E+000	-1,09488111102037E+001	-4,89513771029461E+001	-4,89513771029461E+001	6,99623990004945E-006	-3,33753434339371E-001	-3,33753434339371E-001	1,19908524823727E-006	 4,73650733796161E-001	-2,93362957521871E-008	4,73650733796161E-001
                      	11635	           5	 7,50000000000000E+000	-1,10522509705603E+001	-4,87250420777920E+001	-4,87250420777920E+001	6,51804585027980E-006	-3,23648063661837E-001	-3,23648063661837E-001	1,15041193830108E-006	 4,39590107466935E-001	 0,00000000000000E+000	4,39590107466935E-001
          Plate\_2\_15	11635	           1	 7,50000000000000E+000	-1,10522509705603E+001	-4,87246367091543E+001	-4,87246367091543E+001	6,51782659065999E-006	-3,25073732791810E-001	-3,25073732791810E-001	1,15627636136153E-006	 4,39590107467308E-001	 0,00000000000000E+000	4,39590107467308E-001
 Element 49-93 (Plate)	11636	           2	 7,50000000000000E+000	-1,11624186721261E+001	-4,84756030793301E+001	-4,84756030793301E+001	6,01551804097553E-006	-3,09336086561897E-001	-3,09336086561897E-001	1,08452326850440E-006	 4,04622707921814E-001	 0,00000000000000E+000	4,04622707921814E-001
                (ERSS)	11637	           3	 7,50000000000000E+000	-1,12725863736919E+001	-4,82175054467050E+001	-4,82175054467050E+001	5,52021647384287E-006	-2,90720013757499E-001	-2,90720013757499E-001	1,00145540335050E-006	 3,71540895186500E-001	 0,00000000000000E+000	3,71540895186500E-001
                      	11638	           4	 7,50000000000000E+000	-1,13827540752577E+001	-4,79504544591296E+001	-4,79504544591296E+001	5,03229139650336E-006	-2,69553445750173E-001	-2,69553445750173E-001	9,08462833803407E-007	 3,40645602982115E-001	 0,00000000000000E+000	3,40645602982115E-001
                      	11665	           5	 7,50000000000000E+000	-1,14929217768235E+001	-4,76745607644545E+001	-4,76745607644545E+001	4,55211231619836E-006	-2,46164313911478E-001	-2,46164313911478E-001	8,06935627766713E-007	 3,12227470757836E-001	 0,00000000000000E+000	3,12227470757836E-001
          Plate\_2\_15	11665	           1	 7,50000000000000E+000	-1,14929217768235E+001	-4,76741257704678E+001	-4,76741257704678E+001	4,55200497444570E-006	-2,46804899556171E-001	-2,46804899556171E-001	8,09598847847880E-007	 3,12227470757640E-001	 0,00000000000000E+000	3,12227470757640E-001
 Element 49-94 (Plate)	11666	           2	 7,50000000000000E+000	-1,16102549057202E+001	-4,73697312570010E+001	-4,73697312570010E+001	4,04888539207457E-006	-2,21647510066093E-001	-2,21647510066093E-001	7,01066319949257E-007	 2,84755209211510E-001	 0,00000000000000E+000	2,84755209211510E-001
                (ERSS)	11667	           3	 7,50000000000000E+000	-1,17275880346170E+001	-4,70535397309327E+001	-4,70535397309327E+001	3,55439882408971E-006	-1,97075941563540E-001	-1,97075941563540E-001	5,95710731426149E-007	 2,60193351234939E-001	 0,00000000000000E+000	2,60193351234939E-001
                      	11668	           4	 7,50000000000000E+000	-1,18449211635137E+001	-4,67256989257514E+001	-4,67256989257514E+001	3,06894053060676E-006	-1,73236581037936E-001	-1,73236581037936E-001	4,94119676981531E-007	 2,38468825411838E-001	 0,00000000000000E+000	2,38468825411838E-001
                      	12519	           5	 7,50000000000000E+000	-1,19622542924104E+001	-4,63863565749456E+001	-4,63863565749456E+001	2,59290577174139E-006	-1,50275815478709E-001	-1,50275815478709E-001	3,96880751318378E-007	 2,19504254485741E-001	 0,00000000000000E+000	2,19504254485741E-001
          Plate\_2\_15	12519	           1	 7,50000000000000E+000	-1,19622542924104E+001	-4,63858595979131E+001	-4,63858595979131E+001	2,59292515585781E-006	-1,50441594778815E-001	-1,50441594778815E-001	3,97635733182233E-007	 2,19504254485473E-001	 0,00000000000000E+000	2,19504254485473E-001
 Element 49-95 (Plate)	12520	           2	 7,50000000000000E+000	-1,20872188958380E+001	-4,60108870710752E+001	-4,60108870710752E+001	2,09633823913954E-006	-1,27755137309131E-001	-1,27755137309131E-001	3,02213545087526E-007	 2,02144642145182E-001	 0,00000000000000E+000	2,02144642145182E-001
                (ERSS)	12521	           3	 7,50000000000000E+000	-1,22121834992655E+001	-4,56208681141589E+001	-4,56208681141589E+001	1,61086210000498E-006	-1,06931096097038E-001	-1,06931096097038E-001	2,15449438731187E-007	 1,87498035253382E-001	 0,00000000000000E+000	1,87498035253382E-001
                      	12522	           4	 7,50000000000000E+000	-1,23371481026931E+001	-4,52159908120116E+001	-4,52159908120116E+001	1,13691936852620E-006	-8,79965762847997E-002	-8,79965762847997E-002	1,37455927985724E-007	 1,75334596275006E-001	 0,00000000000000E+000	1,75334596275006E-001
                      	12720	           5	 7,50000000000000E+000	-1,24621127061207E+001	-4,47964432494810E+001	-4,47964432494810E+001	6,74932674775261E-007	-7,09786830146830E-002	-7,09786830146830E-002	6,83455267236437E-008	 1,65424268085914E-001	 0,00000000000000E+000	1,65424268085914E-001
          Plate\_2\_15	12720	           1	 7,50000000000000E+000	-1,24621127061207E+001	-4,47958381827983E+001	-4,47958381827983E+001	6,75089838678072E-007	-7,09071253060764E-002	-7,09071253060764E-002	6,81127279189101E-008	 1,65424268085610E-001	 0,00000000000000E+000	1,65424268085610E-001
 Element 49-96 (Plate)	12721	           2	 7,50000000000000E+000	-1,25952051434966E+001	-4,43318051463633E+001	-4,43318051463633E+001	1,96544729460207E-007	-5,49092394800403E-002	-5,49092394800403E-002	4,39675048128907E-009	 1,57074316682902E-001	 0,00000000000000E+000	1,57074316682902E-001
                (ERSS)	12722	           3	 7,50000000000000E+000	-1,27282975808726E+001	-4,38487057570023E+001	-4,38487057570023E+001	0,00000000000000E+000	-4,07721082700068E-002	-4,07721082700068E-002	0,00000000000000E+000	 1,50726129523515E-001	 0,00000000000000E+000	1,50726129523515E-001
                      	12723	           4	 7,50000000000000E+000	-1,28613900182485E+001	-4,33467720054488E+001	-4,33467720054488E+001	0,00000000000000E+000	-2,84649225974675E-002	-2,84649225974675E-002	0,00000000000000E+000	 1,46137749657629E-001	 0,00000000000000E+000	1,46137749657629E-001
                      	13686	           5	 7,50000000000000E+000	-1,29944824556244E+001	-4,28262358824364E+001	-4,28262358824364E+001	0,00000000000000E+000	-1,79568733839140E-002	-1,79568733839140E-002	0,00000000000000E+000	 1,43069045674433E-001	 0,00000000000000E+000	1,43069045674433E-001
          Plate\_2\_15	13686	           1	 7,50000000000000E+000	-1,29944824556244E+001	-4,28254563325352E+001	-4,28254563325352E+001	0,00000000000000E+000	-1,78029574080972E-002	-1,78029574080972E-002	0,00000000000000E+000	 1,43069045674793E-001	 0,00000000000000E+000	1,43069045674793E-001
 Element 49-97 (Plate)	13687	           2	 7,50000000000000E+000	-1,31362313701235E+001	-4,22492690090217E+001	-4,22492690090217E+001	0,00000000000000E+000	-8,25099935315765E-003	-8,25099935315765E-003	0,00000000000000E+000	 1,41238785807147E-001	 0,00000000000000E+000	1,41238785807147E-001
                (ERSS)	13688	           3	 7,50000000000000E+000	-1,32779802846226E+001	-4,16488437609732E+001	-4,16488437609732E+001	0,00000000000000E+000	-6,85397461919256E-006	-3,48077711095743E-005	0,00000000000000E+000	 1,40668120168247E-001	 0,00000000000000E+000	1,40668120168247E-001
                      	13689	           4	 7,50000000000000E+000	-1,34197291991216E+001	-4,10244537391549E+001	-4,10244537391549E+001	0,00000000000000E+000	 6,97871678295518E-003	-2,05387153487508E-007	6,97871678295518E-003	 1,41177407069595E-001	 0,00000000000000E+000	1,41177407069595E-001
                      	13786	           5	 7,50000000000000E+000	-1,35614781136207E+001	-4,03763720943315E+001	-4,03763720943315E+001	0,00000000000000E+000	 1,27549509750025E-002	-2,15047097085891E-007	1,27549509750025E-002	 1,42589485239834E-001	 0,00000000000000E+000	1,42589485239834E-001
          Plate\_2\_15	13786	           1	 7,50000000000000E+000	-1,35614781136207E+001	-4,03753144691935E+001	-4,03753144691935E+001	0,00000000000000E+000	 1,28861133631485E-002	-2,15418238716993E-007	1,28861133631485E-002	 1,42589485240350E-001	 0,00000000000000E+000	1,42589485240350E-001
 Element 49-98 (Plate)	13787	           2	 7,50000000000000E+000	-1,37124465319458E+001	-3,96572462922689E+001	-3,96572462922689E+001	0,00000000000000E+000	 1,80838849915831E-002	-2,19327747393052E-007	1,80838849915831E-002	 1,44936240444511E-001	 0,00000000000000E+000	1,44936240444511E-001
                (ERSS)	13788	           3	 7,50000000000000E+000	-1,38634149502708E+001	-3,89080075246015E+001	-3,89080075246015E+001	0,00000000000000E+000	 2,25458770414275E-002	-2,17241495646346E-007	2,25458770414275E-002	 1,48012622353614E-001	 0,00000000000000E+000	1,48012622353614E-001
                      	13789	           4	 7,50000000000000E+000	-1,40143833685958E+001	-3,81279055080935E+001	-3,81279055080935E+001	0,00000000000000E+000	 2,63024937968737E-002	-2,09262892237389E-007	2,63024937968737E-002	 1,51709767124909E-001	 0,00000000000000E+000	1,51709767124909E-001
                      	14690	           5	 7,50000000000000E+000	-1,41653517869209E+001	-3,73172475846474E+001	-3,73172475846474E+001	0,00000000000000E+000	 2,93841395421140E-002	-1,95495345926692E-007	2,93841395421140E-002	 1,55920412899537E-001	 0,00000000000000E+000	1,55920412899537E-001
          Plate\_2\_15	14690	           1	 7,50000000000000E+000	-1,41653517869209E+001	-3,73157389443895E+001	-3,73157389443895E+001	0,00000000000000E+000	 2,93988317687565E-002	-1,95642702998105E-007	2,93988317687565E-002	 1,55920412899634E-001	 0,00000000000000E+000	1,55920412899634E-001
 Element 49-99 (Plate)	14691	           2	 7,50000000000000E+000	-1,43261393556448E+001	-3,64162479161091E+001	-3,64162479161091E+001	0,00000000000000E+000	 3,21536692673640E-002	-1,75129432357510E-007	3,21536692673640E-002	 1,60875943912812E-001	 0,00000000000000E+000	1,60875943912812E-001
                (ERSS)	14692	           3	 7,50000000000000E+000	-1,44869269243687E+001	-3,54758924444694E+001	-3,54758924444694E+001	0,00000000000000E+000	 3,42697898895023E-002	-1,48647603352904E-007	3,42697898895023E-002	 1,66226296000480E-001	 0,00000000000000E+000	1,66226296000480E-001
                      	14693	           4	 7,50000000000000E+000	-1,46477144930926E+001	-3,44949905485267E+001	-3,44949905485267E+001	0,00000000000000E+000	 3,57279921101246E-002	-1,16200385089329E-007	3,57279921101246E-002	 1,71863560463427E-001	 0,00000000000000E+000	1,71863560463427E-001
                      	14742	           5	 7,50000000000000E+000	-1,48085020618166E+001	-3,34738602473376E+001	-3,34738602473376E+001	0,00000000000000E+000	 3,65090744041839E-002	-7,77909466718297E-008	3,65090744041839E-002	 1,77678981623467E-001	 0,00000000000000E+000	1,77678981623467E-001
          Plate\_2\_15	14742	           1	 7,50000000000000E+000	-1,48085020618166E+001	-3,34715988952296E+001	-3,34715988952296E+001	0,00000000000000E+000	 3,62835462469458E-002	-7,83294644920235E-008	3,62835462469458E-002	 1,77678981623356E-001	 0,00000000000000E+000	1,77678981623356E-001
Element 49-100 (Plate)	14743	           2	 7,50000000000000E+000	-1,49797474291787E+001	-3,23361145230875E+001	-3,23361145230875E+001	0,00000000000000E+000	 3,61866212441143E-002	-3,09437600887517E-008	3,61866212441143E-002	 1,83905674259389E-001	 0,00000000000000E+000	1,83905674259389E-001
                (ERSS)	14744	           3	 7,50000000000000E+000	-1,51509927965408E+001	-3,11455709194138E+001	-3,11455709194138E+001	0,00000000000000E+000	 3,43466036172737E-002	 0,00000000000000E+000	3,43466036172737E-002	 1,89974180165045E-001	 0,00000000000000E+000	1,89974180165045E-001
                      	14745	           4	 7,50000000000000E+000	-1,53222381639029E+001	-2,99002464201330E+001	-2,99002464201330E+001	0,00000000000000E+000	 3,06384021391334E-002	 0,00000000000000E+000	3,06384021391334E-002	 1,95565204481486E-001	 0,00000000000000E+000	1,95565204481486E-001
                      	15600	           5	 7,50000000000000E+000	-1,54934835312651E+001	-2,86004193611692E+001	-2,86004193611692E+001	0,00000000000000E+000	 2,49369255824033E-002	 0,00000000000000E+000	2,49369255824033E-002	 2,00352767944010E-001	 0,00000000000000E+000	2,00352767944010E-001
          Plate\_2\_15	15600	           1	 7,50000000000000E+000	-1,54934835312651E+001	-2,85968448429616E+001	-2,85968448429616E+001	0,00000000000000E+000	 2,45131043241789E-002	 0,00000000000000E+000	2,45131043241789E-002	 2,00352767944151E-001	 0,00000000000000E+000	2,00352767944151E-001
Element 49-101 (Plate)	15601	           2	 7,50000000000000E+000	-1,56758668838820E+001	-2,71467653843209E+001	-2,71467653843209E+001	0,00000000000000E+000	 1,52685134331902E-002	 0,00000000000000E+000	1,52685134331902E-002	 2,04050758460085E-001	 0,00000000000000E+000	2,04050758460085E-001
                (ERSS)	15602	           3	 7,50000000000000E+000	-1,58582502364989E+001	-2,56197301558754E+001	-2,56197301558754E+001	0,00000000000000E+000	 9,79291717993111E-004	 0,00000000000000E+000	9,79291717993111E-004	 2,05618485837663E-001	 0,00000000000000E+000	2,05618485837663E-001
                      	15603	           4	 7,50000000000000E+000	-1,60406335891158E+001	-2,40158582463853E+001	-2,40158582463853E+001	0,00000000000000E+000	-1,87252692385471E-002	-1,87252692385471E-002	2,82724600043973E-007	 2,04079008578179E-001	 0,00000000000000E+000	2,04079008578179E-001
                      	16406	           5	 7,50000000000000E+000	-1,62230169417327E+001	-2,23352687446108E+001	-2,23352687446108E+001	0,00000000000000E+000	-4,42158778535650E-002	-4,42158778535650E-002	2,91966175775879E-007	 1,98433763824777E-001	 0,00000000000000E+000	1,98433763824777E-001
          Plate\_2\_15	16406	           1	 7,50000000000000E+000	-1,62230169417327E+001	-2,23288866999305E+001	-2,23288866999305E+001	0,00000000000000E+000	-4,34358276995780E-002	-4,34358276995780E-002	2,57704289350073E-007	 1,98433763824596E-001	 0,00000000000000E+000	1,98433763824596E-001
Element 49-102 (Plate)	16407	           2	 7,50000000000000E+000	-1,64172627062995E+001	-2,04459272577889E+001	-2,04459272577889E+001	0,00000000000000E+000	-7,96251783343247E-002	-7,96251783343247E-002	2,41028872047425E-007	 1,86622259538522E-001	 0,00000000000000E+000	1,86622259538522E-001
                (ERSS)	16408	           3	 7,50000000000000E+000	-1,66115084708664E+001	-1,84491789825829E+001	-1,84491789825829E+001	0,00000000000000E+000	-1,22538232007419E-001	-1,22538232007419E-001	5,17667453483544E-008	 1,67043122392170E-001	 0,00000000000000E+000	1,67043122392170E-001
                      	16409	           4	 7,50000000000000E+000	-1,68057542354332E+001	-1,63373754699871E+001	-1,63373754699871E+001	0,00000000000000E+000	-1,70490498560329E-001	-1,70490498560329E-001	0,00000000000000E+000	 1,38680086107400E-001	 0,00000000000000E+000	1,38680086107400E-001
                      	16420	           5	 7,50000000000000E+000	-1,70000000000000E+001	-1,41092503156764E+001	-1,41092503156764E+001	0,00000000000000E+000	-2,21797487834525E-001	-2,21797487834525E-001	0,00000000000000E+000	 1,00613725535397E-001	 0,00000000000000E+000	1,00613725535397E-001
          Plate\_1\_16	10663	           1	-7,50000000000000E+000	-1,70000000000000E+001	-1,43027150602404E+001	-1,43027150602404E+001	0,00000000000000E+000	 1,83525427144822E-001	 0,00000000000000E+000	1,83525427144822E-001	-2,50780283577136E-003	-2,50780283577136E-003	0,00000000000000E+000
Element 50-103 (Plate)	10664	           2	-7,50000000000000E+000	-1,71250000000000E+001	-1,33514443318233E+001	-1,33514443318233E+001	0,00000000000000E+000	 2,06894289211426E-001	 0,00000000000000E+000	2,06894289211426E-001	 2,31564954712402E-002	-4,86464389354848E-007	2,31564954712402E-002
                (ERSS)	10665	           3	-7,50000000000000E+000	-1,72500000000000E+001	-1,23882968269729E+001	-1,23882968269729E+001	0,00000000000000E+000	 9,88318102400265E-002	 0,00000000000000E+000	9,88318102400265E-002	 4,38013008492262E-002	-3,08844202731661E-007	4,38013008492262E-002
                      	10666	           4	-7,50000000000000E+000	-1,73750000000000E+001	-1,14245163596567E+001	-1,14245163596567E+001	0,00000000000000E+000	-1,49973703199543E-001	-1,49973703199543E-001	1,27610477158340E-006	 4,20090201918827E-002	-1,35923482649546E-007	4,20090201918827E-002
                      	11425	           5	-7,50000000000000E+000	-1,75000000000000E+001	-1,04713467438422E+001	-1,04713467438422E+001	0,00000000000000E+000	-5,48833944537451E-001	-5,48833944537451E-001	8,60364232394713E-007	-1,16599438437781E-013	-1,46733319938974E-013	1,69629067736654E-013
          Plate\_2\_16	16420	           1	 7,50000000000000E+000	-1,70000000000000E+001	-1,41650066483771E+001	-1,41650066483771E+001	0,00000000000000E+000	-2,13396549159882E-001	-2,13396549159882E-001	0,00000000000000E+000	 1,00613725535806E-001	 0,00000000000000E+000	1,00613725535806E-001
Element 51-104 (Plate)	16421	           2	 7,50000000000000E+000	-1,71250000000000E+001	-1,32005205654724E+001	-1,32005205654724E+001	0,00000000000000E+000	-2,25576009279377E-001	-2,25576009279377E-001	0,00000000000000E+000	 7,29810373594294E-002	 0,00000000000000E+000	7,29810373594294E-002
                (ERSS)	16422	           3	 7,50000000000000E+000	-1,72500000000000E+001	-1,22280703064271E+001	-1,22280703064271E+001	0,00000000000000E+000	-2,16505072605661E-001	-2,16505072605661E-001	0,00000000000000E+000	 4,50936254449283E-002	 0,00000000000000E+000	4,50936254449283E-002
                      	16423	           4	 7,50000000000000E+000	-1,73750000000000E+001	-1,12605425046879E+001	-1,12605425046879E+001	0,00000000000000E+000	-1,84514653907125E-001	-1,84514653907125E-001	0,00000000000000E+000	 1,97967248085417E-002	 0,00000000000000E+000	1,97967248085417E-002
                      	17112	           5	 7,50000000000000E+000	-1,75000000000000E+001	-1,03108237937016E+001	-1,03108237937016E+001	0,00000000000000E+000	-1,27935667952156E-001	-1,27935667952156E-001	0,00000000000000E+000	-2,95158862628764E-014	-2,49506144911482E-013	1,77678835186490E-013
