    Structural element	 Node	Local number	                 X [m]	                 Y [m]	              N [kN/m]	          N_min [kN/m]	         N_max [kN/m]	              Q [kN/m]	          Q_min [kN/m]	         Q_max [kN/m]	            M [kN m/m]	        M_min [kN m/m]	       M_max [kN m/m]
           Plate\_1\_1	  481	           1	-7,50000000000000E+000	 2,85000000000000E+000	 1,11871182848033E+000	-8,04530658812172E-001	1,11871182848033E+000	 2,89187091961357E+000	-9,36710463384537E-002	2,89271215493922E+000	 9,79771819231701E-015	-6,30523411260242E-013	3,66623398306842E-013
   Element 1-1 (Plate)	  480	           2	-7,50000000000000E+000	 2,51250000000000E+000	-4,45243446692051E+000	-5,26598259238743E+000	5,86208363179141E-005	-1,04472248586552E+001	-1,26420993915753E+001	1,69367103826703E+000	-1,21710641376616E+000	-1,70306000874940E+000	3,13423271299049E-001
                (ERSS)	  479	           3	-7,50000000000000E+000	 2,17500000000000E+000	-1,02173134669257E+001	-1,07781219452398E+001	3,29549126897870E-005	-2,54152184533834E+001	-2,70787179956065E+001	2,47531139895095E+000	-7,24433491663891E+000	-8,39232268638222E+000	1,03419525045104E+000
                      	  478	           4	-7,50000000000000E+000	 1,83750000000000E+000	-1,60266325304913E+001	-1,60266325304913E+001	1,74607721085982E-005	-4,16255470395696E+001	-4,16255470395696E+001	2,57518838288977E+000	-1,85160310880022E+001	-1,99423730927473E+001	1,90081049994095E+000
                      	  482	           5	-7,50000000000000E+000	 1,50000000000000E+000	-2,17310990165731E+001	-2,17310990165731E+001	1,52355267939873E-005	-5,86916477922122E+001	-5,86916477922122E+001	2,52169863006703E+000	-3,54284976270354E+001	-3,62762473975197E+001	2,68589307815659E+000
           Plate\_2\_1	 8264	           1	 7,50000000000000E+000	 2,85000000000000E+000	 1,09057188098310E+000	-8,29799505828942E-001	1,11301454693183E+000	-2,81907175741686E+000	-2,91678239613714E+000	1,15953671072640E-001	 1,33226762955019E-015	-6,68284871885305E-013	5,12059145085786E-013
   Element 2-2 (Plate)	 8265	           2	 7,50000000000000E+000	 2,51250000000000E+000	-4,45928627418721E+000	-5,21686689833524E+000	5,92449883760940E-005	 1,04652011310989E+001	-1,70839787254120E+000	1,30799472368493E+001	 1,23092244083339E+000	-3,10337921539204E-001	1,77794383143419E+000
                (ERSS)	 8266	           3	 7,50000000000000E+000	 2,17500000000000E+000	-1,02213010861815E+001	-1,06949933623915E+001	3,35130310771238E-005	 2,54258797780963E+001	-2,50190406608942E+000	2,77809131927749E+001	 7,26192262114631E+000	-1,03842117448659E+000	8,67337366553357E+000
                      	 8267	           4	 7,50000000000000E+000	 1,83750000000000E+000	-1,60438903826515E+001	-1,60441381573572E+001	1,77458822228144E-005	 4,16706953214277E+001	-2,57509762552508E+000	4,20290570367024E+001	 1,85417453565860E+001	-1,91243710325462E+000	2,04811674972903E+001
                      	 8268	           5	 7,50000000000000E+000	 1,50000000000000E+000	-2,17754719912487E+001	-2,17754719912487E+001	1,51321887008357E-005	 5,88073788989457E+001	-2,49220780802153E+000	5,88073788989457E+001	 3,54805071237481E+001	-2,68516526583893E+000	3,70868594477155E+001
           Plate\_1\_2	  482	           1	-7,50000000000000E+000	 1,50000000000000E+000	-2,18385240548576E+001	-2,18385240548576E+001	1,35585556219019E-005	 1,02550305065378E+002	-1,91366672412358E+001	1,37538814599061E+002	-3,54284976270355E+001	-3,62762473975197E+001	2,68589307815664E+000
   Element 3-3 (Plate)	  467	           2	-7,50000000000000E+000	 1,25000000000000E+000	-2,60865655763565E+001	-2,60865655763565E+001	1,50760266216634E-005	 8,91245300167132E+001	-2,59354310028008E+001	1,26712285178453E+002	-1,14415706795095E+001	-1,64882101945215E+001	3,20982533738254E+000
                (ERSS)	  466	           3	-7,50000000000000E+000	 1,00000000000000E+000	-3,05030178355460E+001	-3,05030178355460E+001	1,67990418941158E-005	 7,46429501406272E+001	-3,35131863006560E+001	1,15739168320774E+002	 9,03740413599591E+000	-2,39142413850680E+001	2,70664461559034E+001
                      	  465	           4	-7,50000000000000E+000	 7,50000000000000E-001	-3,48958835744609E+001	-3,48958835744609E+001	1,86984302756361E-005	 5,96042682287576E+001	-4,16176931969325E+001	1,04883464430919E+002	 2,58421295001549E+001	-3,32925482822566E+001	5,46508489257392E+001
                      	  464	           5	-7,50000000000000E+000	 5,00000000000000E-001	-3,90731655351361E+001	-3,90731655351361E+001	2,07450206026014E-005	 4,45071870727421E+001	-4,99967117537613E+001	9,44091739137810E+001	 3,88431005759842E+001	-4,47416571376446E+001	7,95427348686835E+001
           Plate\_2\_2	 8268	           1	 7,50000000000000E+000	 1,50000000000000E+000	-2,18483209849320E+001	-2,18483209849320E+001	1,35790948467085E-005	-1,02523645088428E+002	-1,36818956885579E+002	1,92760045895379E+001	 3,54805071237481E+001	-2,68516526583915E+000	3,70868594477155E+001
   Element 4-4 (Plate)	 7765	           2	 7,50000000000000E+000	 1,25000000000000E+000	-2,60577183136871E+001	-2,60577183136871E+001	1,50910575623070E-005	-8,91975994242961E+001	-1,26134400142881E+002	2,56257826674706E+001	 1,14897514806362E+001	-3,20663479830589E+000	1,64478638981199E+001
                (ERSS)	 7766	           3	 7,50000000000000E+000	 1,00000000000000E+000	-3,04111577551473E+001	-3,04111577551473E+001	1,67979894368033E-005	-7,48782156561950E+001	-1,15315420148204E+002	3,29691878454318E+001	-9,02759303505923E+000	-2,59749571564133E+001	2,37580845774919E+001
                      	 7767	           4	 7,50000000000000E+000	 7,50000000000000E-001	-3,47286798619992E+001	-3,47286798619992E+001	1,86711199404051E-005	-6,00330959786563E+001	-1,04490372219701E+002	4,11825650859765E+001	-2,59142210803029E+001	-5,34597259948961E+001	3,30087262143010E+001
                      	 7764	           5	 7,50000000000000E+000	 5,00000000000000E-001	-3,88303251869292E+001	-3,88303251869292E+001	2,06816785433204E-005	-4,51298425862118E+001	-9,37876116755259E+001	5,01422593516602E+001	-3,90472645633006E+001	-7,82331080577605E+001	4,44090795459115E+001
           Plate\_1\_3	  464	           1	-7,50000000000000E+000	 5,00000000000000E-001	-3,93147486282998E+001	-3,93147486282998E+001	2,06659355514839E-005	 4,38565343148367E+001	-5,00605130992012E+001	9,42937164280483E+001	 3,88431005759842E+001	-4,47416571376446E+001	7,95427348686834E+001
  Element 6-10 (Plate)	  295	           2	-7,50000000000000E+000	 8,33333333333334E-002	-4,63327029237579E+001	-4,63327029237579E+001	2,40521324362777E-005	 1,72144493168934E+001	-6,07454983807520E+001	7,74577900012534E+001	 5,16030032042519E+001	-6,79720641224413E+001	1,15338415315022E+002
                (ERSS)	  294	           3	-7,50000000000000E+000	-3,33333333333333E-001	-5,32280319159059E+001	-5,32280319159059E+001	2,67597521124479E-005	-1,09044894578302E+001	-6,66371333871077E+001	5,94690978355533E+001	 5,29879119708097E+001	-9,46992803919498E+001	1,43940517778501E+002
                      	  293	           4	-7,50000000000000E+000	-7,50000000000000E-001	-6,01382373100705E+001	-6,01382373100705E+001	2,87848896072836E-005	-4,08628995007967E+001	-6,70899469731966E+001	3,98092375815115E+001	 4,22584838893826E+001	-1,22711900862116E+002	1,64675468208776E+002
                      	  292	           5	-7,50000000000000E+000	-1,16666666666667E+000	-6,72008208115784E+001	-6,72008208115784E+001	3,01236399480740E-005	-7,30233983034688E+001	-7,30233983034688E+001	1,79598068896914E+001	 1,86253664755393E+001	-1,49737647298188E+002	1,76801291573951E+002
           Plate\_1\_3	  292	           1	-7,50000000000000E+000	-1,16666666666667E+000	-6,71803320649397E+001	-6,71803320649397E+001	3,01603082569672E-005	-7,29745851486893E+001	-7,29745851486893E+001	1,80198293001490E+001	 1,86253664755393E+001	-1,49737647298188E+002	1,76801291573950E+002
  Element 6-11 (Plate)	   45	           2	-7,50000000000000E+000	-1,37500000000000E+000	-7,03335682948723E+001	-7,03335682948723E+001	3,06262972500084E-005	-8,87825015272690E+001	-8,87825015272690E+001	7,63725393572977E+000	 1,78348621917699E+000	-1,62460263229564E+002	1,79475691091839E+002
                (ERSS)	   44	           3	-7,50000000000000E+000	-1,58333333333333E+000	-7,33832690966714E+001	-7,33832690966714E+001	3,09866641192983E-005	-1,04754779076056E+002	-1,04754779076056E+002	0,00000000000000E+000	-1,83803482806169E+001	-1,74567309293706E+002	1,79967273218360E+002
                      	   43	           4	-7,50000000000000E+000	-1,79166666666667E+000	-7,63200992216383E+001	-7,63200992216383E+001	3,12450283950933E-005	-1,20854922449426E+002	-1,20854922449426E+002	1,63293243023406E-006	-4,18833005632084E+001	-1,86163408176213E+002	1,78205741853232E+002
                      	   66	           5	-7,50000000000000E+000	-2,00000000000000E+000	-7,91347234210739E+001	-7,91347234210739E+001	3,14050096076500E-005	-1,37046436301753E+002	-1,37046436301753E+002	9,91590015967349E-006	-6,87413098714192E+001	-1,97375489600717E+002	1,74112694409208E+002
           Plate\_2\_3	 7764	           1	 7,50000000000000E+000	 5,00000000000000E-001	-3,90658727445399E+001	-3,90658727445399E+001	2,06077551849727E-005	-4,45176685497319E+001	-9,41548344003503E+001	4,96937272266754E+001	-3,90472645633006E+001	-7,82331080577604E+001	4,44090795459115E+001
  Element 9-16 (Plate)	 7671	           2	 7,50000000000000E+000	 8,33333333333334E-002	-4,61664148109075E+001	-4,61664148109075E+001	2,39445532032271E-005	-1,76220001094222E+001	-7,73268841282513E+001	6,06422129305713E+001	-5,19566695035193E+001	-1,13906897377630E+002	6,75941866036355E+001
                (ERSS)	 7672	           3	 7,50000000000000E+000	-3,33333333333333E-001	-5,27969077878280E+001	-5,27969077878280E+001	2,66080676307657E-005	 9,78439118279319E+000	-6,01863788197570E+001	6,61274842693362E+001	-5,36923363139907E+001	-1,42662948469715E+002	9,41560088649840E+001
                      	 7673	           4	 7,50000000000000E+000	-7,50000000000000E-001	-5,95289175093332E+001	-5,95289175093332E+001	2,85939728711756E-005	 3,91712741469405E+001	-4,11926413908318E+001	6,60097881731166E+001	-4,35262055082155E+001	-1,63816549499566E+002	1,21815981818029E+002
                      	 8784	           5	 7,50000000000000E+000	-1,16666666666667E+000	-6,69340098094544E+001	-6,69340098094544E+001	2,98979433280444E-005	 7,20084176030460E+001	-1,88049947574403E+001	7,20084176030460E+001	-2,05396924332885E+001	-1,76484866618701E+002	1,48326226189863E+002
           Plate\_2\_3	 8784	           1	 7,50000000000000E+000	-1,16666666666667E+000	-6,68268575636343E+001	-6,68268575636343E+001	2,99361087458120E-005	 7,17360452344517E+001	-1,91113798517620E+001	7,17360452344517E+001	-2,05396924332885E+001	-1,76484866618701E+002	1,48326226189863E+002
  Element 9-17 (Plate)	 8781	           2	 7,50000000000000E+000	-1,37500000000000E+000	-7,03810088052424E+001	-7,03810088052424E+001	3,03867965107412E-005	 8,84141349567573E+001	-8,01085029576316E+000	8,84141349567573E+001	-3,86112025448308E+000	-1,79305580171647E+002	1,60848745265727E+002
                (ERSS)	 8782	           3	 7,50000000000000E+000	-1,58333333333333E+000	-7,37544382069779E+001	-7,37544382069779E+001	3,07348847787052E-005	 1,05060090339487E+002	 0,00000000000000E+000	1,05060090339487E+002	 1,62985058823828E+001	-1,79830758588112E+002	1,72855605949034E+002
                      	 8783	           4	 7,50000000000000E+000	-1,79166666666667E+000	-7,69493553026417E+001	-7,69493553026417E+001	3,09844988019939E-005	 1,21673874464079E+002	-2,63615610278205E-006	1,21673874464079E+002	 3,99218012472944E+001	-1,78059767222115E+002	1,84449416931143E+002
                      	 8800	           5	 7,50000000000000E+000	-2,00000000000000E+000	-7,99679696260344E+001	-7,99679696260344E+001	3,11397638328973E-005	 1,38255450411968E+002	-1,09463170564201E-005	1,38255450411968E+002	 6,69925123066450E+001	-1,73982905045210E+002	1,95748346838799E+002
           Plate\_1\_4	   66	           1	-7,50000000000000E+000	-2,00000000000000E+000	-7,85522987894092E+001	-7,85522987894092E+001	3,14815377162033E-005	-1,35839059499974E+002	-1,35839059499974E+002	1,66080098747388E-005	-6,87413098714192E+001	-1,97375489600717E+002	1,74112694409208E+002
 Element 10-18 (Plate)	   69	           2	-7,50000000000000E+000	-2,12500000000000E+000	-8,27064476500144E+001	-8,27064476500144E+001	3,23747110471971E-005	-1,49361719216979E+002	-1,49361719216979E+002	6,92001531439694E-005	-8,65319212757979E+001	-2,03095341504470E+002	1,70590168608276E+002
                (ERSS)	   68	           3	-7,50000000000000E+000	-2,25000000000000E+000	-8,77954169550989E+001	-8,77954169550989E+001	5,33039875197524E+000	-1,65021082142085E+002	-1,65021082142085E+002	2,03315784406131E+000	-1,06176676840553E+002	-2,06869732026742E+002	1,66295347138527E+002
                      	   67	           4	-7,50000000000000E+000	-2,37500000000000E+000	-9,34772910077482E+001	-9,34772910077482E+001	1,03143634361930E+001	-1,82084901983865E+002	-1,82084901983865E+002	1,30344055807964E+001	-1,27855213800123E+002	-2,08608119319764E+002	1,61201015030380E+002
                      	   80	           5	-7,50000000000000E+000	-2,50000000000000E+000	-9,94101541110476E+001	-9,94101541110476E+001	1,50497841916181E+001	-1,99820932450890E+002	-1,99820932450890E+002	2,39428124859757E+001	-1,51719940954519E+002	-2,08241439009808E+002	1,55278281720243E+002
           Plate\_2\_4	 8800	           1	 7,50000000000000E+000	-2,00000000000000E+000	-7,92474702082968E+001	-7,92474702082968E+001	3,12405532378770E-005	 1,36773787933793E+002	-1,75836277253386E-005	1,36773787933793E+002	 6,69925123066450E+001	-1,73982905045210E+002	1,95748346838799E+002
 Element 13-21 (Plate)	 8801	           2	 7,50000000000000E+000	-2,12500000000000E+000	-8,36359551200437E+001	-8,36359551200437E+001	3,20838894584596E-005	 1,50809231630509E+002	-7,02239475607264E-005	1,50809231630509E+002	 8,49404305262874E+001	-1,70468504942333E+002	2,01421393810980E+002
                (ERSS)	 8802	           3	 7,50000000000000E+000	-2,25000000000000E+000	-8,87921457038201E+001	-8,87921457038201E+001	4,97930797140679E+000	 1,66624068766540E+002	-2,36928622762137E+000	1,66624068766540E+002	 1,04771720936572E+002	-1,66176708714298E+002	2,05141110417399E+002
                      	 8803	           4	 7,50000000000000E+000	-2,37500000000000E+000	-9,45814908487744E+001	-9,45814908487744E+001	9,70668228489696E+000	 1,83928030852335E+002	-1,31898546972565E+001	1,83928030852335E+002	 1,26668088259296E+002	-1,61072122893393E+002	2,07027570314734E+002
                      	 8804	           5	 7,50000000000000E+000	-2,50000000000000E+000	-1,00869439444055E+002	-1,00869439444055E+002	1,41919310635203E+001	 2,02430849398344E+002	-2,45273856995393E+001	2,02430849398344E+002	 1,50800855624290E+002	-1,55115308525646E+002	2,07278390102339E+002
           Plate\_1\_5	   80	           1	-7,50000000000000E+000	-2,50000000000000E+000	-9,86996350406506E+001	-9,86996350406506E+001	1,55435445584022E+001	 2,75492495852769E+002	-6,11579908256734E+001	2,75492495852769E+002	-1,51719940954519E+002	-2,08241439009808E+002	1,55278281720243E+002
 Element 14-22 (Plate)	   83	           2	-7,50000000000000E+000	-2,75000000000000E+000	-1,08685449682739E+002	-1,08685449682739E+002	2,29201412442731E+001	 2,43645394612209E+002	-6,85931679756814E+001	2,43645394612209E+002	-8,68725959867771E+001	-2,02058387357358E+002	1,40695046038219E+002
                (ERSS)	   82	           3	-7,50000000000000E+000	-3,00000000000000E+000	-1,17232484501768E+002	-1,17232484501768E+002	2,90086937631342E+001	 2,14213172223689E+002	-8,01740189880030E+001	2,14213172223689E+002	-2,97114869667781E+001	-1,89241376362782E+002	1,22600378581231E+002
                      	   81	           4	-7,50000000000000E+000	-3,25000000000000E+000	-1,23943423504303E+002	-1,23943423504303E+002	3,38211921280930E+001	 1,88100753415525E+002	-9,64477853178167E+001	1,88100753415525E+002	 2,05352448011821E+001	-1,71062098356399E+002	1,02724669648978E+002
                      	  188	           5	-7,50000000000000E+000	-3,50000000000000E+000	-1,28420950696910E+002	-1,28420950696910E+002	3,73696263522570E+001	 1,66213062916033E+002	-1,14959449388473E+002	1,66213062916033E+002	 6,47061391619007E+001	-1,60787721839846E+002	9,78521009320465E+001
           Plate\_2\_5	 8804	           1	 7,50000000000000E+000	-2,50000000000000E+000	-1,00386185718280E+002	-1,00386185718280E+002	1,44891554236714E+001	-2,72421468705996E+002	-2,72421468705996E+002	6,11634565013077E+001	 1,50800855624290E+002	-1,55115308525646E+002	2,07278390102339E+002
 Element 17-25 (Plate)	 8642	           2	 7,50000000000000E+000	-2,75000000000000E+000	-1,10071601667081E+002	-1,10071601667081E+002	2,20449658375132E+001	-2,41159104770027E+002	-2,41159104770027E+002	6,85894002673495E+001	 8,65954023327498E+001	-1,40409856759407E+002	2,01615454360809E+002
                (ERSS)	 8643	           3	 7,50000000000000E+000	-3,00000000000000E+000	-1,18933346607720E+002	-1,18933346607720E+002	2,80849363706563E+001	-2,11088749522076E+002	-2,11088749522076E+002	8,05596188309315E+001	 3,01555943881506E+001	-1,22184539148409E+002	1,89316494695250E+002
                      	 8644	           4	 7,50000000000000E+000	-3,25000000000000E+000	-1,25955520230886E+002	-1,25955520230886E+002	3,28155140692901E+001	-1,84382070492742E+002	-1,84382070492742E+002	9,67703458897097E+001	-1,92535201506239E+001	-1,02811641704657E+002	1,71578898703289E+002
                      	 9799	           5	 7,50000000000000E+000	-3,50000000000000E+000	-1,30122222227269E+002	-1,30122222227269E+002	3,64431459796041E+001	-1,63210735212624E+002	-1,63210735212624E+002	1,15464007594358E+002	-6,25300463241563E+001	-9,62722535624849E+001	1,60776974325916E+002
           Plate\_1\_6	  188	           1	-7,50000000000000E+000	-3,50000000000000E+000	-1,28173574409920E+002	-1,28173574409920E+002	4,03317928497430E+001	 1,66747278939220E+002	-1,18663366264921E+002	1,66747278939220E+002	 6,47061391619007E+001	-1,60787721839846E+002	9,78521009320465E+001
 Element 18-26 (Plate)	  191	           2	-7,50000000000000E+000	-3,87500000000000E+000	-1,34173092813419E+002	-1,34173092813419E+002	3,89848003837034E+001	 1,34507455877005E+002	-1,23684381935101E+002	1,34507455877005E+002	 1,21024204371749E+002	-1,57347931387006E+002	1,21024204371749E+002
                (ERSS)	  190	           3	-7,50000000000000E+000	-4,25000000000000E+000	-1,38115398943108E+002	-1,38115398943108E+002	3,74503156609274E+001	 1,05382712772075E+002	-1,23386457039271E+002	1,05382712772075E+002	 1,66011168310531E+002	-1,59485756366087E+002	1,66011168310531E+002
                      	  189	           4	-7,50000000000000E+000	-4,62500000000000E+000	-1,40862608915502E+002	-1,40862608915502E+002	3,57511829795831E+001	 7,75588867352582E+001	-1,18453914652087E+002	8,12989311802042E+001	 2,00242032208778E+002	-1,62951796219039E+002	2,00242032208778E+002
                      	  416	           5	-7,50000000000000E+000	-5,00000000000000E+000	-1,43276838847116E+002	-1,43276838847116E+002	4,01085665993626E+001	 4,92218148773831E+001	-1,10407098752452E+002	7,74527807091294E+001	 2,24080952284891E+002	-1,68315206385771E+002	2,24080952284891E+002
           Plate\_2\_6	 9799	           1	 7,50000000000000E+000	-3,50000000000000E+000	-1,30525373561250E+002	-1,30525373561250E+002	3,93919899338932E+001	-1,62343840352379E+002	-1,62343840352379E+002	1,18280385471828E+002	-6,25300463241563E+001	-9,62722535624849E+001	1,60776974325916E+002
 Element 21-29 (Plate)	 9800	           2	 7,50000000000000E+000	-3,87500000000000E+000	-1,34949755971478E+002	-1,34949755971478E+002	3,81204325987477E+001	-1,33435138055540E+002	-1,33435138055540E+002	1,24887820095806E+002	-1,17898096266764E+002	-1,20782411466899E+002	1,57060679655425E+002
                (ERSS)	 9801	           3	 7,50000000000000E+000	-4,25000000000000E+000	-1,38067074249257E+002	-1,38067074249257E+002	3,66387088501262E+001	-1,06047627341141E+002	-1,06047627341141E+002	1,24069917909684E+002	-1,62813975499876E+002	-1,62813975499876E+002	1,59044331286611E+002
                      	 9802	           4	 7,50000000000000E+000	-4,62500000000000E+000	-1,40343066344462E+002	-1,40343066344462E+002	3,49735305653735E+001	-7,92007496724557E+001	-8,11723848645340E+001	1,17786113560388E+002	-1,97519740908330E+002	-1,97519740908330E+002	1,62407431892300E+002
                      	10469	           5	 7,50000000000000E+000	-5,00000000000000E+000	-1,42243470206965E+002	-1,42243470206965E+002	3,97136455919448E+001	-5,19139465127564E+001	-7,76658174548659E+001	1,07995841694840E+002	-2,22142048443615E+002	-2,22142048443615E+002	1,66262183883502E+002
           Plate\_1\_7	  416	           1	-7,50000000000000E+000	-5,00000000000000E+000	-1,43173420311398E+002	-1,43173420311398E+002	4,09017038929366E+001	 4,94385568256339E+001	-1,08898270164973E+002	7,85398776498060E+001	 2,24080952284891E+002	-1,68315206385771E+002	2,24080952284891E+002
 Element 22-30 (Plate)	  419	           2	-7,50000000000000E+000	-5,13750000000000E+000	-1,44007647514385E+002	-1,44007647514385E+002	4,55939766530369E+001	 3,88480481351300E+001	-1,03233592651134E+002	7,92334119574796E+001	 2,30151215635756E+002	-1,69463992822479E+002	2,30151215635756E+002
                (ERSS)	  418	           3	-7,50000000000000E+000	-5,27500000000000E+000	-1,44828531885457E+002	-1,44828531885457E+002	4,94429544003687E+001	 2,81113292898597E+001	-9,97700527749494E+001	8,18123414910688E+001	 2,34756882399806E+002	-1,70342895977704E+002	2,34756882399806E+002
                      	  417	           4	-7,50000000000000E+000	-5,41250000000000E+000	-1,45635168420839E+002	-1,45635168420839E+002	5,25703970441038E+001	 1,72370946728730E+001	-9,63266606506662E+001	8,20272438596854E+001	 2,37877318384476E+002	-1,70016652759444E+002	2,37877318384476E+002
                      	  493	           5	-7,50000000000000E+000	-5,55000000000000E+000	-1,46426652116757E+002	-1,46426652116757E+002	5,67733040469499E+001	 6,23403866722003E+000	-9,13969576988314E+001	8,50248742117465E+001	 2,39491767654019E+002	-1,74341870621914E+002	2,39491767654019E+002
           Plate\_2\_7	10469	           1	 7,50000000000000E+000	-5,00000000000000E+000	-1,42337366072647E+002	-1,42337366072647E+002	4,04418044635754E+001	-5,17052342788908E+001	-7,85081729144841E+001	1,07686535322118E+002	-2,22142048443615E+002	-2,22142048443615E+002	1,66262183883503E+002
 Element 25-33 (Plate)	10470	           2	 7,50000000000000E+000	-5,13750000000000E+000	-1,43038495556160E+002	-1,43038495556160E+002	4,51564240251385E+001	-4,13783929852029E+001	-7,92537088094264E+001	1,02547247636776E+002	-2,28544176012385E+002	-2,28544176012385E+002	1,67388119101521E+002
                (ERSS)	10471	           3	 7,50000000000000E+000	-5,27500000000000E+000	-1,43779335891016E+002	-1,43779335891016E+002	4,90154612472006E+001	-3,07927752656671E+001	-8,16818174470434E+001	1,01326667494299E+002	-2,33508098550799E+002	-2,33508098550799E+002	1,68520485374394E+002
                      	10472	           4	 7,50000000000000E+000	-5,41250000000000E+000	-1,44524576920084E+002	-1,44524576920084E+002	5,25774762967114E+001	-2,00300173072886E+001	-8,18417673706548E+001	9,81206350628455E+001	-2,37006031678832E+002	-2,37006031678832E+002	1,69106573307099E+002
                      	10488	           5	 7,50000000000000E+000	-5,55000000000000E+000	-1,45238908486235E+002	-1,45238908486235E+002	5,67605983120988E+001	-9,17175529707266E+000	-8,46555387360919E+001	8,84812316130301E+001	-2,39013132061417E+002	-2,39013132061417E+002	1,74026869363399E+002
           Plate\_1\_8	  493	           1	-7,50000000000000E+000	-5,55000000000000E+000	-1,46433247157510E+002	-1,46433247157510E+002	5,67049493887807E+001	 6,21612896989003E+000	-8,97453832924310E+001	8,49817955254087E+001	 2,39491767654019E+002	-1,74341870621914E+002	2,39491767654019E+002
 Element 27-49 (Plate)	  496	           2	-7,50000000000000E+000	-5,66250000000000E+000	-1,47073435923435E+002	-1,47073435923435E+002	5,98076859906394E+001	-2,89512625199104E+000	-8,54781938692351E+001	8,45244902856059E+001	 2,39679963000568E+002	-1,79275946347222E+002	2,39679963000568E+002
                (ERSS)	  495	           3	-7,50000000000000E+000	-5,77500000000000E+000	-1,47714270828845E+002	-1,47714270828845E+002	6,33207182585851E+001	-1,21255821903973E+001	-8,05031339655983E+001	8,71957120323830E+001	 2,38835409805367E+002	-1,84471050815245E+002	2,38835409805367E+002
                      	  494	           4	-7,50000000000000E+000	-5,88750000000000E+000	-1,48349316082877E+002	-1,48349316082877E+002	6,73367310876735E+001	-2,14560671528570E+001	-7,57691796729860E+001	8,80504322050792E+001	 2,36947327414912E+002	-1,89622621024517E+002	2,36947327414912E+002
                      	  881	           5	-7,50000000000000E+000	-6,00000000000000E+000	-1,48972135894670E+002	-1,48972135894670E+002	7,08362633970255E+001	-3,08674094468988E+001	-7,24001204624031E+001	8,91925040988587E+001	 2,34005250954157E+002	-1,94566135252983E+002	2,34005250954157E+002
           Plate\_2\_8	10488	           1	 7,50000000000000E+000	-5,55000000000000E+000	-1,45255835000376E+002	-1,45255835000376E+002	5,66967826282475E+001	-9,13176975816721E+000	-8,46420321853521E+001	8,77883333160877E+001	-2,39013132061417E+002	-2,39013132061417E+002	1,74026869363399E+002
 Element 30-52 (Plate)	10489	           2	 7,50000000000000E+000	-5,66250000000000E+000	-1,45861512534435E+002	-1,45861512534435E+002	5,99313242758039E+001	-7,87564530413753E-002	-8,41558172126200E+001	8,22364489154838E+001	-2,39532618851247E+002	-2,39532618851247E+002	1,80141370259221E+002
                (ERSS)	10490	           3	 7,50000000000000E+000	-5,77500000000000E+000	-1,46469522131321E+002	-1,46469522131321E+002	6,30094261379074E+001	 9,09720586931904E+000	-8,68605936350465E+001	7,72847023965258E+001	-2,39025727423230E+002	-2,39025727423230E+002	1,85458289405881E+002
                      	10491	           4	 7,50000000000000E+000	-5,88750000000000E+000	-1,47071096414771E+002	-1,47071096414771E+002	6,70297100734868E+001	 1,83719698027271E+001	-8,74334003962059E+001	7,47935535575504E+001	-2,37481571414695E+002	-2,37481571414695E+002	1,90011332004985E+002
                      	10492	           5	 7,50000000000000E+000	-6,00000000000000E+000	-1,47657468008521E+002	-1,47657468008521E+002	7,06349787586906E+001	 2,77213879409958E+001	-8,84947299214520E+001	7,25160769147130E+001	-2,34889752880946E+002	-2,34889752880946E+002	1,93785081136870E+002
           Plate\_1\_9	  881	           1	-7,50000000000000E+000	-6,00000000000000E+000	-1,48975166916587E+002	-1,48975166916587E+002	7,16175285529978E+001	-3,08781671778873E+001	-7,14450665845569E+001	9,06136099299145E+001	 2,34005250954157E+002	-1,94566135252983E+002	2,34005250954157E+002
 Element 31-53 (Plate)	  884	           2	-7,50000000000000E+000	-6,25000000000000E+000	-1,50270952942370E+002	-1,50270952942370E+002	7,81716619025902E+001	-5,20241253776199E+001	-7,56841860236385E+001	9,07128614494355E+001	 2,23657925491558E+002	-2,00485677741123E+002	2,23657925491558E+002
                (ERSS)	  883	           3	-7,50000000000000E+000	-6,50000000000000E+000	-1,51596147526560E+002	-1,51596147526560E+002	8,48649980732420E+001	-7,37955290087881E+001	-8,55820616335291E+001	9,11654903357801E+001	 2,07939595417586E+002	-2,02120426142226E+002	2,07939595417586E+002
                      	  882	           4	-7,50000000000000E+000	-6,75000000000000E+000	-1,52971770347011E+002	-1,52971770347011E+002	9,13920616911464E+001	-9,62218388519637E+001	-1,02774083226447E+002	9,13429742331867E+001	 1,86697087452940E+002	-1,97343942493081E+002	1,86697087452940E+002
                      	 1868	           5	-7,50000000000000E+000	-7,00000000000000E+000	-1,54418841081576E+002	-1,54418841081576E+002	9,67887287757033E+001	-1,19332515687719E+002	-1,22136119013139E+002	9,32383652569280E+001	 1,59773175899656E+002	-1,86539057159427E+002	1,59773175899656E+002
           Plate\_2\_9	10492	           1	 7,50000000000000E+000	-6,00000000000000E+000	-1,47664415547536E+002	-1,47664415547536E+002	7,13638599585845E+001	 2,77378762637231E+001	-8,98614993752553E+001	7,27997492030073E+001	-2,34889752880946E+002	-2,34889752880946E+002	1,93785081136870E+002
 Element 34-56 (Plate)	10136	           2	 7,50000000000000E+000	-6,25000000000000E+000	-1,48954570568524E+002	-1,48954570568524E+002	7,84879232877575E+001	 4,88998654118674E+001	-8,93226223579763E+001	7,65097925925923E+001	-2,25325267963266E+002	-2,25325267963266E+002	1,97972678956106E+002
                (ERSS)	10137	           3	 7,50000000000000E+000	-6,50000000000000E+000	-1,50259103038170E+002	-1,50259103038170E+002	8,58387218358267E+001	 7,06568760465115E+001	-9,00412745670602E+001	8,78443652095985E+001	-2,10388373664798E+002	-2,10388373664798E+002	1,98946841986683E+002
                      	10138	           4	 7,50000000000000E+000	-6,75000000000000E+000	-1,51587315869659E+002	-1,51587315869659E+002	9,17411616399180E+001	 9,30110405105701E+001	-9,10258959456482E+001	1,04344852018362E+002	-1,89938929199392E+002	-1,89938929199392E+002	1,93783691649207E+002
                      	10135	           5	 7,50000000000000E+000	-7,00000000000000E+000	-1,52948511976175E+002	-1,52948511976175E+002	9,58539526130850E+001	 1,15964491146958E+002	-9,41821799523498E+001	1,22734584123995E+002	-1,63834827254001E+002	-1,63834827254001E+002	1,82691290262182E+002
          Plate\_1\_10	 1868	           1	-7,50000000000000E+000	-7,00000000000000E+000	-1,53949709848962E+002	-1,53949709848962E+002	9,96811208689658E+001	-1,18345874731392E+002	-1,18345874731392E+002	9,91130139783857E+001	 1,59773175899656E+002	-1,86539057159427E+002	1,59773175899656E+002
 Element 35-57 (Plate)	 1871	           2	-7,50000000000000E+000	-7,38750000000000E+000	-1,47622828894086E+002	-1,47622828894086E+002	1,06718815116202E+002	-1,38629928417172E+002	-1,38629928417172E+002	9,65671265958082E+001	 1,09577161733997E+002	-1,71187692743482E+002	1,09577161733997E+002
                (ERSS)	 1870	           3	-7,50000000000000E+000	-7,77500000000000E+000	-1,37548113731713E+002	-1,37548113731713E+002	1,16750018485196E+002	-1,50045740576276E+002	-1,50045740576276E+002	1,02125442808448E+002	 5,35675731533539E+001	-1,59042029460966E+002	5,35675731533539E+001
                      	 1869	           4	-7,50000000000000E+000	-8,16250000000000E+000	-1,25626611709647E+002	-1,25626611709647E+002	1,19581002706095E+002	-1,56599323402585E+002	-1,56599323402585E+002	9,52910349727621E+001	-6,10746167777433E+000	-1,59724666985468E+002	5,15326289732548E+000
                      	 1888	           5	-7,50000000000000E+000	-8,55000000000000E+000	-1,13759370175696E+002	-1,13759370175696E+002	1,15343784521667E+002	-1,62296689089979E+002	-1,62296689089979E+002	8,13635472653509E+001	-6,77740868959284E+001	-1,66070544404705E+002	4,81712349725052E+000
          Plate\_2\_10	10135	           1	 7,50000000000000E+000	-7,00000000000000E+000	-1,51708183146908E+002	-1,51708183146908E+002	9,86633330176983E+001	 1,13339545595093E+002	-9,91939173177795E+001	1,19789403187213E+002	-1,63834827254001E+002	-1,63834827254001E+002	1,82691290262182E+002
 Element 38-60 (Plate)	10118	           2	 7,50000000000000E+000	-7,38750000000000E+000	-1,45121141102668E+002	-1,45121141102668E+002	1,08596505471093E+002	 1,33062171417793E+002	-9,73753698587005E+001	1,33062171417793E+002	-1,15826656750674E+002	-1,15826656750674E+002	1,68302551935827E+002
                (ERSS)	10119	           3	 7,50000000000000E+000	-7,77500000000000E+000	-1,35732227026013E+002	-1,35732227026013E+002	1,17770285619989E+002	 1,45863393833846E+002	-1,01362400031394E+002	1,45863393833846E+002	-6,16414639582328E+001	-6,16414639582328E+001	1,58843284400556E+002
                      	10120	           4	 7,50000000000000E+000	-8,16250000000000E+000	-1,24345858361213E+002	-1,24345858361213E+002	1,19825278587582E+002	 1,53439391850937E+002	-9,42107046302636E+001	1,53439391850937E+002	-3,43096279696181E+000	-5,06125886751193E+000	1,53192464144511E+002
                      	10285	           5	 7,50000000000000E+000	-8,55000000000000E+000	-1,11766452552540E+002	-1,11766452552540E+002	1,15495143337681E+002	 1,57486344476751E+002	-8,01831691873213E+001	1,57486344476751E+002	 5,68547531001653E+001	-4,73510864442921E+000	1,68398596349932E+002
          Plate\_1\_11	 1888	           1	-7,50000000000000E+000	-8,55000000000000E+000	-1,11565107085801E+002	-1,11565107085801E+002	1,17269508616524E+002	-1,57610508710150E+002	-1,57610508710150E+002	8,18760271926384E+001	-6,77740868959284E+001	-1,66070544404705E+002	4,81712349725056E+000
 Element 40-71 (Plate)	 1891	           2	-7,50000000000000E+000	-8,72500000000000E+000	-1,05391768806959E+002	-1,05391768806959E+002	1,16448606644791E+002	-1,58124068860469E+002	-1,58124068860469E+002	7,78975431931376E+001	-9,54799060023523E+001	-1,74918404786811E+002	4,27102844866605E+000
                (ERSS)	 1890	           3	-7,50000000000000E+000	-8,90000000000000E+000	-9,66990982693633E+001	-9,66990982693633E+001	1,15524505450205E+002	-1,53091893366858E+002	-1,53091893366858E+002	7,55197346303934E+001	-1,22790659535780E+002	-1,86116198703231E+002	3,60289631769160E+000
                      	 1889	           4	-7,50000000000000E+000	-9,07500000000000E+000	-8,56343765104786E+001	-8,56343765104786E+001	1,14501595262573E+002	-1,42818850257535E+002	-1,42818850257535E+002	7,52568536193603E+001	-1,48768899163514E+002	-1,98617782957106E+002	2,71693658263533E+000
                      	 1908	           5	-7,50000000000000E+000	-9,25000000000000E+000	-7,23448845677702E+001	-7,23448845677702E+001	1,13384266311700E+002	-1,27609807560716E+002	-1,27609807560716E+002	7,46280252233169E+001	-1,72492999468029E+002	-2,11677926199540E+002	1,59811594475267E+000
          Plate\_2\_11	10285	           1	 7,50000000000000E+000	-8,55000000000000E+000	-1,13462415482189E+002	-1,13462415482189E+002	1,17323309642236E+002	 1,61663118190586E+002	-8,16974612075419E+001	1,61663118190586E+002	 5,68547531001653E+001	-4,73510864442901E+000	1,68398596349932E+002
 Element 41-72 (Plate)	10286	           2	 7,50000000000000E+000	-8,72500000000000E+000	-1,07472332975721E+002	-1,07472332975721E+002	1,16447667591736E+002	 1,61028557529428E+002	-7,78890147700285E+001	1,61028557529428E+002	 8,52025512643622E+001	-4,20605498843715E+000	1,71895960559638E+002
                (ERSS)	10287	           3	 7,50000000000000E+000	-8,90000000000000E+000	-9,81838261900497E+001	-9,81838261900497E+001	1,15476278230088E+002	 1,53910368365612E+002	-7,64462375811863E+001	1,53910368365612E+002	 1,12819957787179E+002	-3,53878116261400E+000	1,78953369603298E+002
                      	10288	           4	 7,50000000000000E+000	-9,07500000000000E+000	-8,64148429293137E+001	-8,64148429293137E+001	1,14414091313685E+002	 1,41924268633287E+002	-7,47245788365665E+001	1,41924268633287E+002	 1,38799821002700E+002	-2,67036849653002E+000	1,94580774889221E+002
                      	10525	           5	 7,50000000000000E+000	-9,25000000000000E+000	-7,29833309976500E+001	-7,29833309976500E+001	1,13266056598924E+002	 1,26685976266604E+002	-7,21494546722390E+001	1,26685976266604E+002	 1,62320621634349E+002	-1,56902268029040E+000	2,07910446789805E+002
          Plate\_1\_12	 1908	           1	-7,50000000000000E+000	-9,25000000000000E+000	-7,40062349862523E+001	-7,40062349862523E+001	1,13391359626263E+002	-1,30741763387311E+002	-1,30741763387311E+002	7,48432800239556E+001	-1,72492999468029E+002	-2,11677926199540E+002	1,59811594475273E+000
 Element 42-73 (Plate)	 1911	           2	-7,50000000000000E+000	-9,37500000000000E+000	-6,30262735853468E+001	-6,30262735853468E+001	1,12551520917759E+002	-1,17015438184322E+002	-1,17015438184322E+002	7,47569544994420E+001	-1,87983133119535E+002	-2,19741929696281E+002	7,10903663670727E-001
                (ERSS)	 1910	           3	-7,50000000000000E+000	-9,50000000000000E+000	-5,26030729493900E+001	-5,26030729493900E+001	1,11681623214112E+002	-1,02439371142256E+002	-1,02439371142256E+002	7,59470344142221E+001	-2,01710939690701E+002	-2,26067761270838E+002	0,00000000000000E+000
                      	 1909	           4	-7,50000000000000E+000	-9,62500000000000E+000	-4,25904248255846E+001	-5,07980873860254E+001	1,10783336681004E+002	-8,69967392021101E+001	-8,69967392021101E+001	7,79846113872855E+001	-2,13562807106843E+002	-2,30475144777759E+002	0,00000000000000E+000
                      	 2249	           5	-7,50000000000000E+000	-9,75000000000000E+000	-3,28421209611331E+001	-5,07998541359771E+001	1,09858331484115E+002	-7,06707193048801E+001	-7,06707193048801E+001	8,15646050579758E+001	-2,23423868508887E+002	-2,33225382482652E+002	0,00000000000000E+000
          Plate\_2\_12	10525	           1	 7,50000000000000E+000	-9,25000000000000E+000	-7,57453255584618E+001	-7,57453255584618E+001	1,13273237665146E+002	 1,27520533033418E+002	-7,27689078214263E+001	1,27520533033418E+002	 1,62320621634349E+002	-1,56902268029029E+000	2,07910446789805E+002
 Element 43-74 (Plate)	10526	           2	 7,50000000000000E+000	-9,37500000000000E+000	-6,75201962384169E+001	-6,75201962384169E+001	1,12417114355140E+002	 1,17651838944127E+002	-7,21234326319954E+001	1,17651838944127E+002	 1,77687500639787E+002	-6,80145137994751E-001	2,15368344105123E+002
                (ERSS)	10527	           3	 7,50000000000000E+000	-9,50000000000000E+000	-5,83232216543544E+001	-5,83232216543544E+001	1,11534589937972E+002	 1,04153447344550E+002	-7,54407112428196E+001	1,04153447344550E+002	 1,91575640107885E+002	 0,00000000000000E+000	2,20965125027327E+002
                      	10528	           4	 7,50000000000000E+000	-9,62500000000000E+000	-4,87571741381700E+001	-5,07950024691578E+001	1,10627318057381E+002	 8,78823525847221E+001	-7,90612650511014E+001	8,78823525847221E+001	 2,03616413014472E+002	 0,00000000000000E+000	2,24949701568659E+002
                      	10548	           5	 7,50000000000000E+000	-9,75000000000000E+000	-3,94248260217594E+001	-5,07962939303955E+001	1,09696952357104E+002	 6,96955490146795E+001	-8,02125977954567E+001	6,96955490146795E+001	 2,13473233900784E+002	 0,00000000000000E+000	2,26728614120705E+002
          Plate\_1\_13	 2249	           1	-7,50000000000000E+000	-9,75000000000000E+000	-3,29192144805905E+001	-5,07998825479729E+001	1,09860898149303E+002	-7,09449231966883E+001	-7,09449231966883E+001	8,14265224357124E+001	-2,23423868508887E+002	-2,33225382482652E+002	0,00000000000000E+000
 Element 44-75 (Plate)	 2248	           2	-7,50000000000000E+000	-9,81250000000000E+000	-2,84776611768074E+001	-5,07956439640440E+001	1,09392328651284E+002	-6,55334732315793E+001	-6,55334732315793E+001	8,31749531587568E+001	-2,27686026668111E+002	-2,34090033852744E+002	5,62954593507726E-008
                (ERSS)	 2247	           3	-7,50000000000000E+000	-9,87500000000000E+000	-2,45208031123890E+001	-5,07881814690139E+001	1,08921276057643E+002	-6,11390834311103E+001	-6,11390834311103E+001	8,48192535860156E+001	-2,31634349502503E+002	-2,34506900449841E+002	2,11044329838695E-007
                      	 2246	           4	-7,50000000000000E+000	-9,93750000000000E+000	-2,13441664884478E+001	-5,07775257312205E+001	1,08448459973797E+002	-5,84049856880189E+001	-5,84049856880189E+001	8,59859367879633E+001	-2,35364749123918E+002	-2,35364749123918E+002	3,50992976197873E-007
                      	 2270	           5	-7,50000000000000E+000	-1,00000000000000E+001	-1,92432775060966E+001	-5,07637074190015E+001	1,07974600005162E+002	-5,79744118950427E+001	-5,79744118950427E+001	8,66548291272545E+001	-2,38985317889136E+002	-2,38985317889136E+002	4,72108762623114E-007
          Plate\_2\_13	10548	           1	 7,50000000000000E+000	-9,75000000000000E+000	-3,96929495877399E+001	-5,07963154971048E+001	1,09699597265509E+002	 7,03359916911661E+001	-8,08931962740169E+001	7,03359916911661E+001	 2,13473233900784E+002	 0,00000000000000E+000	2,26728614120705E+002
 Element 45-76 (Plate)	10544	           2	 7,50000000000000E+000	-9,81250000000000E+000	-3,48914611734790E+001	-5,07918056591944E+001	1,09229394766796E+002	 6,42554254515385E+001	-8,17795871662659E+001	6,42554254515385E+001	 2,17668669824972E+002	-9,27154991722629E-008	2,26635553578647E+002
                (ERSS)	10545	           3	 7,50000000000000E+000	-9,87500000000000E+000	-3,11043575687807E+001	-5,07840814438118E+001	1,08757414402578E+002	 6,04228707221375E+001	-8,26368007241192E+001	6,04228707221375E+001	 2,21550523277801E+002	-2,48518375924131E-007	2,26174104787997E+002
                      	10546	           4	 7,50000000000000E+000	-9,93750000000000E+000	-2,85143282856395E+001	-5,07731782856305E+001	1,08284401800490E+002	 5,92273118587529E+001	-8,30186545124621E+001	5,92273118587529E+001	 2,25278182050401E+002	-3,89418135583888E-007	2,28400459169156E+002
                      	10547	           5	 7,50000000000000E+000	-1,00000000000000E+001	-2,73040628360498E+001	-5,07591316193241E+001	1,07811102588166E+002	 6,10577332171745E+001	-8,27618712736407E+001	6,10577332171745E+001	 2,29018392411460E+002	-5,11446390140980E-007	2,30720089226045E+002
          Plate\_1\_14	 2270	           1	-7,50000000000000E+000	-1,00000000000000E+001	-1,84608758549277E+001	-5,07634344144461E+001	1,07974583361516E+002	-5,71281895465342E+001	-5,71281895465342E+001	8,65281696365657E+001	-2,38985317889136E+002	-2,38985317889136E+002	4,72108746906340E-007
 Element 46-77 (Plate)	 2273	           2	-7,50000000000000E+000	-1,00625000000000E+001	-1,19675009782195E+001	-5,06555348254962E+001	1,07251881127427E+002	-4,03145350159456E+001	-4,05298181389212E+001	9,19815759985261E+001	-2,42018164759250E+002	-2,42018164759250E+002	5,62084935193748E-007
                (ERSS)	 2272	           3	-7,50000000000000E+000	-1,01250000000000E+001	-5,89256770851881E+000	-5,05467726315083E+001	1,06527048649561E+002	-2,67194311768610E+001	-2,73239631024260E+001	9,68846368704075E+001	-2,44087999293201E+002	-2,44087999293201E+002	6,17274029387363E-007
                      	 2271	           4	-7,50000000000000E+000	-1,01875000000000E+001	-3,77142505272435E-001	-5,04371007968078E+001	1,05800405407894E+002	-1,72931839516217E+001	-1,80382872638245E+001	1,01147651394131E+002	-2,45445669994182E+002	-2,45445669994182E+002	6,43653234948538E-007
                      	 3220	           5	-7,50000000000000E+000	-1,02500000000000E+001	 4,43770817207287E+000	-5,03264722857198E+001	1,05072270882403E+002	-1,29860992625691E+001	-1,35927103324425E+001	1,05423120916151E+002	-2,46359892665935E+002	-2,46359892665935E+002	6,47111919054171E-007
          Plate\_2\_14	10547	           1	 7,50000000000000E+000	-1,00000000000000E+001	-2,62738818141500E+001	-5,07588674428973E+001	1,07810804956821E+002	 5,99749301666987E+001	-8,25453792488241E+001	5,99749301666987E+001	 2,29018392411460E+002	-5,11446369334215E-007	2,30720089226045E+002
 Element 47-78 (Plate)	10330	           2	 7,50000000000000E+000	-1,00625000000000E+001	-2,08028426611549E+001	-5,06505281970099E+001	1,07089480715737E+002	 4,34525397247474E+001	-8,67128522381004E+001	4,34525397247474E+001	 2,32233611622420E+002	-6,01957806521380E-007	2,32849260488800E+002
                (ERSS)	10331	           3	 7,50000000000000E+000	-1,01250000000000E+001	-1,56875076906419E+001	-5,05413313190153E+001	1,06366744601024E+002	 3,05724521903496E+001	-9,12962126267336E+001	3,05724521903496E+001	 2,34523765584350E+002	-6,57343943128145E-007	2,34523765584350E+002
                      	10332	           4	 7,50000000000000E+000	-1,01875000000000E+001	-1,07528203592931E+001	-5,04312302399391E+001	1,05642901613245E+002	 2,18374412576635E+001	-9,62281402472707E+001	2,18374412576635E+001	 2,36142360641789E+002	-6,83631953612844E-007	2,36142360641789E+002
                      	10643	           5	 7,50000000000000E+000	-1,02500000000000E+001	-5,82372412379055E+000	-5,03201783908070E+001	1,04918256752962E+002	 1,77502806208473E+001	-1,02604794640694E+002	1,77502806208473E+001	 2,37352259633647E+002	-6,86759466895686E-007	2,37352259633647E+002
          Plate\_1\_15	 3220	           1	-7,50000000000000E+000	-1,02500000000000E+001	 2,89143726371200E+000	-5,03260448249191E+001	1,05071890723488E+002	-1,48130965680109E+001	-1,54404979166798E+001	1,05739322681905E+002	-2,46359892665935E+002	-2,46359892665935E+002	6,47111922285002E-007
 Element 48-79 (Plate)	 3223	           2	-7,50000000000000E+000	-1,03471228822834E+001	 1,00118104295092E+001	-5,01512108746946E+001	1,03934635139436E+002	-6,39406818787822E+000	-6,93214359382186E+000	1,12948195751678E+002	-2,47396113081359E+002	-2,47396113081359E+002	6,16365864602968E-007
                (ERSS)	 3222	           3	-7,50000000000000E+000	-1,04442457645668E+001	 1,69837466136945E+001	-4,99719735546884E+001	1,02791565930791E+002	 3,98617525635850E+000	-7,87330803958132E-007	1,20533373807159E+002	-2,47544308657039E+002	-2,47544308657039E+002	5,53129024803450E-007
                      	 3221	           4	-7,50000000000000E+000	-1,05413686468502E+001	 2,46889861784756E+001	-4,97883702884822E+001	1,01643647909098E+002	 1,74522340850834E+001	-9,84013952838256E-007	1,27945043114256E+002	-2,46521789127446E+002	-2,46521789127446E+002	4,66328763956901E-007
                      	 3366	           5	-7,50000000000000E+000	-1,06384915291337E+001	 3,40092694860599E+001	-4,96004384996574E+001	1,00491845885900E+002	 3,51287086186806E+001	-1,09553315312236E-006	1,34495563451259E+002	-2,44012194931660E+002	-2,44012194931660E+002	3,64721626271801E-007
          Plate\_1\_15	 3366	           1	-7,50000000000000E+000	-1,06384915291337E+001	 3,32971344869879E+001	-4,96000280319705E+001	1,00492038310773E+002	 3,41072198689571E+001	-1,10766816951723E-006	1,34657984054603E+002	-2,44012194931660E+002	-2,44012194931660E+002	3,64721617660164E-007
 Element 48-80 (Plate)	 3369	           2	-7,50000000000000E+000	-1,07419313894903E+001	 4,18393419712616E+001	-4,93942175160037E+001	9,92617804994211E+001	 5,56066596485787E+001	-1,17069004029311E-006	1,38950873666827E+002	-2,39331444078152E+002	-2,39331444078152E+002	2,46547241159323E-007
                (ERSS)	 3368	           3	-7,50000000000000E+000	-1,08453712498470E+001	 5,02907320759349E+001	-4,91817544536956E+001	9,80289244945641E+001	 7,32417046712894E+001	-1,19398043909448E-006	1,40982677664690E+002	-2,32646775541237E+002	-2,32646775541237E+002	1,23914317435005E-007
                      	 3367	           4	-7,50000000000000E+000	-1,09488111102037E+001	 5,84475930584261E+001	-4,89627147574888E+001	9,67945388651228E+001	 8,80046906965385E+001	-1,18018548375256E-006	1,40729503964827E+002	-2,24274694049151E+002	-2,24274694049151E+002	7,57834421588063E-010
                      	 4246	           5	-7,50000000000000E+000	-1,10522509705603E+001	 6,61062131761537E+001	-4,87371743398263E+001	9,60096559689284E+001	 1,00887953483776E+002	-1,13195129209857E-006	1,40276283857684E+002	-2,14499870386314E+002	-2,14499870386314E+002	0,00000000000000E+000
          Plate\_1\_15	 4246	           1	-7,50000000000000E+000	-1,10522509705603E+001	 6,61776686605940E+001	-4,87367710592088E+001	9,60124205524597E+001	 1,02024408682501E+002	-1,13778471946241E-006	1,40566462925928E+002	-2,14499870386314E+002	-2,14499870386314E+002	0,00000000000000E+000
 Element 48-81 (Plate)	 4247	           2	-7,50000000000000E+000	-1,11624186721261E+001	 7,19856634697454E+001	-4,84885971871984E+001	9,53621707833331E+001	 1,14865417996752E+002	-1,06673784883847E-006	1,37812796665680E+002	-2,02536570730751E+002	-2,02536570730751E+002	0,00000000000000E+000
                (ERSS)	 4248	           3	-7,50000000000000E+000	-1,12725863736919E+001	 7,80780187763418E+001	-4,82313808316093E+001	9,46722255032056E+001	 1,25878983599362E+002	-9,84522831691496E-007	1,37804073316355E+002	-1,89259195062555E+002	-1,89259195062555E+002	0,00000000000000E+000
                      	 4249	           4	-7,50000000000000E+000	-1,13827540752577E+001	 8,44350467420576E+001	-4,79652311481570E+001	9,39813238452141E+001	 1,35312593998631E+002	-8,92514570339153E-007	1,40135050325686E+002	-1,74852553003408E+002	-1,74852553003408E+002	0,00000000000000E+000
                      	 4288	           5	-7,50000000000000E+000	-1,14929217768235E+001	 9,10370595285673E+001	-4,76902572925567E+001	9,57609738532660E+001	 1,43413737702860E+002	-7,92087967099120E-007	1,44477125941873E+002	-1,59492775518587E+002	-1,59492775518587E+002	0,00000000000000E+000
          Plate\_1\_15	 4288	           1	-7,50000000000000E+000	-1,14929217768235E+001	 9,08536916662491E+001	-4,76898244448246E+001	9,58989011392516E+001	 1,43084100822993E+002	-7,94687712705919E-007	1,44072612360839E+002	-1,59492775518587E+002	-1,59492775518587E+002	0,00000000000000E+000
 Element 48-82 (Plate)	 4289	           2	-7,50000000000000E+000	-1,16102549057202E+001	 9,49923294394510E+001	-4,73864331001280E+001	9,71581865364045E+001	 1,45196263331794E+002	-6,87380745092450E-007	1,45196263331794E+002	-1,42536008260513E+002	-1,42536008260513E+002	0,00000000000000E+000
                (ERSS)	 4290	           3	-7,50000000000000E+000	-1,17275880346170E+001	 9,71515893734837E+001	-4,70712726116873E+001	9,79811713922944E+001	 1,42827371800571E+002	-5,83208735999295E-007	1,42827371800571E+002	-1,25598449003268E+002	-1,25598449003268E+002	0,00000000000000E+000
                      	 4291	           4	-7,50000000000000E+000	-1,18449211635137E+001	 9,76562119635316E+001	-4,67444896847617E+001	9,81568889383165E+001	 1,36422650771153E+002	-4,82777959859185E-007	1,36422650771153E+002	-1,09169257986224E+002	-1,09169257986224E+002	3,31943629075671E-003
                      	 5306	           5	-7,50000000000000E+000	-1,19622542924104E+001	 9,68309377047791E+001	-4,64062310246102E+001	9,79336981458290E+001	 1,26427324785368E+002	-3,86694691104851E-007	1,26427324785368E+002	-9,37218417975087E+001	-9,37218417975087E+001	5,15387346639858E-001
          Plate\_1\_15	 5306	           1	-7,50000000000000E+000	-1,19622542924104E+001	 9,72813276751157E+001	-4,64057360729653E+001	9,80337882025750E+001	 1,27167648147331E+002	-3,87424792118680E-007	1,27167648147331E+002	-9,37218417975087E+001	-9,37218417975087E+001	5,15387346639976E-001
 Element 48-83 (Plate)	 5307	           2	-7,50000000000000E+000	-1,20872188958380E+001	 9,70784709694750E+001	-4,60319511798237E+001	9,82807565632408E+001	 1,15336569074970E+002	-2,93144765098227E-007	1,15336569074970E+002	-7,85685689716826E+001	-7,85685689716826E+001	1,02543469145043E+000
                (ERSS)	 5308	           3	-7,50000000000000E+000	-1,22121834992655E+001	 9,70828616092318E+001	-4,56431569011294E+001	9,86253886440961E+001	 1,03250510549088E+002	-2,07447373632377E-007	1,03250510549088E+002	-6,49081504732901E+001	-6,49081504732901E+001	1,54535617958871E+000
                      	 5309	           4	-7,50000000000000E+000	-1,23371481026931E+001	 9,73215088880042E+001	-4,52395411751500E+001	9,89828552708223E+001	 9,10691152188190E+001	-1,30441690259123E-007	9,10691152188190E+001	-5,27612560455641E+001	-5,27612560455641E+001	1,97007527957197E+000
                      	 5336	           5	-7,50000000000000E+000	-1,24621127061207E+001	 9,78214220994107E+001	-4,48212919401532E+001	9,92849890674148E+001	 7,89520257332964E+001	-6,22367875164637E-008	7,89520257332964E+001	-4,21429710881521E+001	-4,21429710881521E+001	2,36892807148107E+000
          Plate\_1\_15	 5336	           1	-7,50000000000000E+000	-1,24621127061207E+001	 9,77660780050865E+001	-4,48206898532977E+001	9,92566411299093E+001	 7,91401846216092E+001	-6,19963142533444E-008	7,91401846216092E+001	-4,21429710881521E+001	-4,21429710881521E+001	2,36892807148100E+000
 Element 48-84 (Plate)	 5337	           2	-7,50000000000000E+000	-1,25952051434966E+001	 9,81389431209493E+001	-4,43580812596127E+001	9,93663960360727E+001	 6,70940177396836E+001	 0,00000000000000E+000	6,70940177396836E+001	-3,24251774651524E+001	-3,24251774651524E+001	2,80403754756200E+000
                (ERSS)	 5338	           3	-7,50000000000000E+000	-1,27282975808726E+001	 9,83530945936500E+001	-4,38764585947499E+001	9,93353669349629E+001	 5,61117334431318E+001	-2,11381862763651E-001	5,61117334431318E+001	-2,42370718556626E+001	-2,42370718556626E+001	3,18428283656953E+000
                      	 5339	           4	-7,50000000000000E+000	-1,28613900182485E+001	 9,84103642739526E+001	-4,33760521027196E+001	9,92022451506964E+001	 4,62199982410085E+001	-5,05301969440154E-001	4,62199982410085E+001	-1,74372756219872E+001	-1,74372756219872E+001	3,52227873011589E+000
                      	 6508	           5	-7,50000000000000E+000	-1,29944824556244E+001	 9,83125840126209E+001	-4,28570920275321E+001	9,89334853784239E+001	 3,74454786423680E+001	-7,92431121037566E-001	3,74454786423680E+001	-1,18837828805233E+001	-1,18837828805233E+001	3,80633616762236E+000
          Plate\_1\_15	 6508	           1	-7,50000000000000E+000	-1,29944824556244E+001	 9,83182929753271E+001	-4,28563158711056E+001	9,89381773062655E+001	 3,74187405168665E+001	-8,11553560665520E-001	3,74187405168665E+001	-1,18837828805233E+001	-1,18837828805233E+001	3,80633616762244E+000
 Element 48-85 (Plate)	 6509	           2	-7,50000000000000E+000	-1,31362313701235E+001	 9,80607172607062E+001	-4,22818695763753E+001	9,85102848530702E+001	 2,93781058643219E+001	-1,08215260649971E+000	2,93781058643219E+001	-7,16430804203731E+000	-7,16430804203731E+000	4,03842584781786E+000
                (ERSS)	 6510	           3	-7,50000000000000E+000	-1,32779802846226E+001	 9,76536176245132E+001	-4,16832550872628E+001	9,79435593903160E+001	 2,24793881085267E+001	-1,33546440700938E+000	2,24793881085267E+001	-3,50135368704333E+000	-3,50135368704333E+000	4,20700312027180E+000
                      	 6511	           4	-7,50000000000000E+000	-1,34197291991216E+001	 9,70984759407433E+001	-4,10607456971221E+001	9,72394364816113E+001	 1,66996656154840E+001	-1,59799303631523E+000	1,66996656154840E+001	-7,37133820376868E-001	-7,37133820376868E-001	4,31757495985892E+000
                      	 6532	           5	-7,50000000000000E+000	-1,35614781136207E+001	 9,63967740833912E+001	-4,04146146993072E+001	9,64868272706436E+001	 1,20160167511965E+001	-1,80349323605403E+000	1,20160167511965E+001	 1,28485325926515E+000	-3,40874407339618E-001	4,30479791186286E+000
          Plate\_1\_15	 6532	           1	-7,50000000000000E+000	-1,35614781136207E+001	 9,63990987586019E+001	-4,04135613580320E+001	9,64891163402541E+001	 1,19221749931374E+001	-1,83559033864219E+000	1,19221749931374E+001	 1,28485325926514E+000	-3,40874407339654E-001	4,30479791186286E+000
 Element 48-86 (Plate)	 6533	           2	-7,50000000000000E+000	-1,37124465319458E+001	 9,54992719879376E+001	-3,96976560044962E+001	9,55724905686638E+001	 7,92796255036116E+000	-2,08818344098892E+000	7,92796255036116E+000	 2,77266468474223E+000	-3,28261163175331E-001	4,24423084136965E+000
                (ERSS)	 6534	           3	-7,50000000000000E+000	-1,38634149502708E+001	 9,44443963943741E+001	-3,89506803997734E+001	9,45019112783313E+001	 4,71741457854833E+000	-2,32329667251868E+000	4,71741457854833E+000	 3,71815263964794E+000	-3,22192580870759E-001	4,15348446195440E+000
                      	 6535	           4	-7,50000000000000E+000	-1,40143833685958E+001	 9,32356334589041E+001	-3,81729419971396E+001	9,32785445154703E+001	 2,25709694386343E+000	-2,49894571029468E+000	2,25709694386343E+000	 4,23508848533536E+000	-3,21735376401859E-001	4,32636344037001E+000
                      	 7778	           5	-7,50000000000000E+000	-1,41653517869209E+001	 9,18741446625207E+001	-3,73647482498708E+001	9,19035563262947E+001	 5,13575512470952E-001	-2,56341713634525E+000	5,13575512470952E-001	 4,43556510682850E+000	-3,26794352035111E-001	4,44044351708473E+000
          Plate\_1\_15	 7778	           1	-7,50000000000000E+000	-1,41653517869209E+001	 9,18735413145131E+001	-3,73632483227723E+001	9,19029271637381E+001	 4,30508537783695E-001	-2,59589196336963E+000	4,30508537783695E-001	 4,43556510682849E+000	-3,26794352035147E-001	4,44044351708471E+000
 Element 48-87 (Plate)	 7779	           2	-7,50000000000000E+000	-1,43261393556448E+001	 9,02579492827573E+001	-3,64665058769475E+001	9,02741065542661E+001	-8,75063148500904E-001	-2,55035471217634E+000	1,80627114058840E-007	 4,39415146762663E+000	-3,37494739090849E-001	4,39415146762663E+000
                (ERSS)	 7780	           3	-7,50000000000000E+000	-1,44869269243687E+001	 8,84678787374869E+001	-3,55290502510412E+001	8,84719484922869E+001	-1,78016732448836E+000	-2,46162698561649E+000	3,01989209872304E-004	 4,17580815875805E+000	-3,46415986829145E-001	4,17580815875805E+000
                      	 7781	           4	-7,50000000000000E+000	-1,46477144930926E+001	 8,65043676559964E+001	-3,45512014378458E+001	8,65043676559964E+001	-2,30974667803338E+000	-2,40086222825711E+000	1,70238404554743E-002	 3,84167736198756E+000	-3,50857694112402E-001	3,84167736198756E+000
                      	 9023	           5	-7,50000000000000E+000	-1,48085020618166E+001	 8,43684540155802E+001	-3,35332794301540E+001	8,43684540155802E+001	-2,48874389699068E+000	-2,49759667731679E+000	4,96479087540984E-002	 3,45164117317969E+000	-3,48288809579861E-001	3,45164117317969E+000
          Plate\_1\_15	 9023	           1	-7,50000000000000E+000	-1,48085020618166E+001	 8,43648472098669E+001	-3,35310362201981E+001	8,43648472098669E+001	-2,53900106518552E+000	-2,54543909510468E+000	4,95457069659770E-002	 3,45164117317970E+000	-3,48288809579915E-001	3,45164117317970E+000
 Element 48-88 (Plate)	 9024	           2	-7,50000000000000E+000	-1,49797474291787E+001	 8,18969811893367E+001	-3,23991598637693E+001	8,18969811893367E+001	-2,50350012575431E+000	-2,50350012575431E+000	1,11528586920719E-001	 3,01766494524837E+000	-3,40149048842901E-001	3,01766494524837E+000
                (ERSS)	 9025	           3	-7,50000000000000E+000	-1,51509927965408E+001	 7,92191471440434E+001	-3,12124734149701E+001	7,92191471440434E+001	-2,31917814188173E+000	-2,31917814188173E+000	1,96376163526738E-001	 2,60285417541837E+000	-3,16117734746089E-001	2,60285417541837E+000
                      	 9026	           4	-7,50000000000000E+000	-1,53222381639029E+001	 7,63322409981593E+001	-2,99712575684727E+001	7,63322409981593E+001	-1,99960623810305E+000	-1,99960623810305E+000	3,32173993696212E-001	 2,23090050466303E+000	-2,73181360278840E-001	2,23090050466303E+000
                      	 9149	           5	-7,50000000000000E+000	-1,54934835312651E+001	 7,32371586758569E+001	-2,86757930189494E+001	7,32371586758569E+001	-1,55835553895355E+000	-1,55835553895355E+000	4,98231175089657E-001	 1,92480136262897E+000	-2,10626321500320E-001	1,92480136262897E+000
          Plate\_1\_15	 9149	           1	-7,50000000000000E+000	-1,54934835312651E+001	 7,32291722980704E+001	-2,86722611463190E+001	7,32291722980704E+001	-1,59055449728410E+000	-1,59055449728410E+000	4,90931964211257E-001	 1,92480136262897E+000	-2,10626321500418E-001	1,92480136262897E+000
 Element 48-89 (Plate)	 9150	           2	-7,50000000000000E+000	-1,56758668838820E+001	 6,96929243212786E+001	-2,72271324385151E+001	6,96929243212786E+001	-1,06299830104679E+000	-1,06299830104679E+000	6,96570081021323E-001	 1,68285495436974E+000	-1,85242395192638E-001	1,68285495436974E+000
                (ERSS)	 9151	           3	-7,50000000000000E+000	-1,58582502364989E+001	 6,58873343479591E+001	-2,57055093476192E+001	6,58873343479591E+001	-5,48217423904413E-001	-5,48217423904413E-001	9,12460057603643E-001	 1,53644575389844E+000	-1,65463877616442E-001	1,53644575389844E+000
                      	 9152	           4	-7,50000000000000E+000	-1,60406335891158E+001	 6,18128002801481E+001	-2,41074973831950E+001	6,18128002801481E+001	-5,91501042210895E-002	-5,91501042210895E-002	1,12715595909907E+000	 1,48127487527469E+000	-1,53752081197307E-001	1,48127487527469E+000
                      	 9365	           5	-7,50000000000000E+000	-1,62230169417327E+001	 5,74697200198817E+001	-2,24332020548061E+001	5,74697200198817E+001	 3,91265419639055E-001	-2,48031420437202E-007	1,34916152783624E+000	 1,51235416691507E+000	-1,36897834943487E-001	1,56134659008518E+000
          Plate\_1\_15	 9365	           1	-7,50000000000000E+000	-1,62230169417327E+001	 5,74550357000885E+001	-2,24273391596013E+001	5,74550357000885E+001	 2,74956841613153E-001	-2,16550875922253E-007	1,23987481807327E+000	 1,51235416691507E+000	-1,36897834943581E-001	1,56134659008519E+000
 Element 48-90 (Plate)	 9366	           2	-7,50000000000000E+000	-1,64172627062995E+001	 5,25086163919406E+001	-2,05510111577930E+001	5,25086163919406E+001	 6,91092813648612E-001	-1,95190931505034E-007	1,46691065065456E+000	 1,61304220546189E+000	-1,12672193299299E-001	1,72789872830249E+000
                (ERSS)	 9367	           3	-7,50000000000000E+000	-1,66115084708664E+001	 4,71913359418599E+001	-1,85629581320382E+001	4,71913359418599E+001	 5,65405188200162E-001	-1,49457581127875E-008	1,15551809676996E+000	 1,74699618517652E+000	-8,09337923642802E-002	1,93218166314665E+000
                      	 9368	           4	-7,50000000000000E+000	-1,68057542354332E+001	 4,15009938596656E+001	-1,64622065463158E+001	4,15009938596656E+001	-2,14663733923314E-001	-2,14663733923314E-001	4,03976465966216E-001	 1,79040062627134E+000	-4,35143219807629E-002	2,02927485573678E+000
                      	10663	           5	-7,50000000000000E+000	-1,70000000000000E+001	 3,54353896551771E+001	-1,42477828646046E+001	3,54353896551771E+001	-1,76167165191294E+000	-1,77916083674434E+000	2,14708744679297E-001	 1,61274740156401E+000	-2,50780283583856E-003	1,87434733544985E+000
          Plate\_2\_15	10643	           1	 7,50000000000000E+000	-1,02500000000000E+001	-5,64578363422155E+000	-5,03197530189167E+001	1,04917767380100E+002	 1,69773257563933E+001	-1,02999541197176E+002	1,69773257563933E+001	 2,37352259633647E+002	-6,86759483365794E-007	2,37352259633647E+002
 Element 49-91 (Plate)	10644	           2	 7,50000000000000E+000	-1,03471228822834E+001	 3,29291030977206E+000	-5,01442369965342E+001	1,03787391569504E+002	 1,07240699886079E+000	-1,11637251234607E+002	1,07240699886079E+000	 2,38161894206828E+002	-6,55133976219645E-007	2,38161894206828E+002
                (ERSS)	10645	           3	 7,50000000000000E+000	-1,04442457645668E+001	 1,04514055791865E+001	-4,99643190254288E+001	1,02652462369636E+002	-9,22461179183314E+000	-1,20986395078107E+002	8,01560593753490E-007	 2,37756089879036E+002	-5,90660831068488E-007	2,37756089879036E+002
                      	10646	           4	 7,50000000000000E+000	-1,05413686468502E+001	 1,67743290178210E+001	-4,97800309630051E+001	1,01513930450579E+002	-1,64948137317669E+001	-1,28221884880207E+002	1,00043467253869E-006	 2,36467576665713E+002	-5,02363423510025E-007	2,36467576665713E+002
                      	11411	           5	 7,50000000000000E+000	-1,06384915291337E+001	 2,32063074694753E+001	-4,95914046666676E+001	1,00372746482418E+002	-2,33192819370190E+001	-1,32455253374013E+002	1,11328623782001E-006	 2,34552400252690E+002	-3,99091072377024E-007	2,34552400252690E+002
          Plate\_2\_15	11411	           1	 7,50000000000000E+000	-1,06384915291337E+001	 2,42251516853465E+001	-4,95909940214978E+001	1,00372811656004E+002	-2,62286373103127E+001	-1,32833307685217E+002	1,12535423173392E-006	 2,34552400252690E+002	-3,99091052177967E-007	2,34552400252690E+002
 Element 49-92 (Plate)	11412	           2	 7,50000000000000E+000	-1,07419313894903E+001	 3,10585365524211E+001	-4,93844260421325E+001	9,91549913999102E+001	-3,32246229959486E+001	-1,36166168682952E+002	1,18928144579499E-006	 2,31458758087383E+002	-2,79035613243681E-007	2,31458758087383E+002
                (ERSS)	11413	           3	 7,50000000000000E+000	-1,08453712498470E+001	 3,74889002044707E+001	-4,91711960801708E+001	9,79353785467238E+001	-4,06934151667425E+001	-1,36970933311275E+002	1,21295010101567E-006	 2,27678047183556E+002	-1,54456191100176E-007	2,27678047183556E+002
                      	11414	           4	 7,50000000000000E+000	-1,09488111102037E+001	 4,43099196399688E+001	-4,89513771029461E+001	9,67150177308077E+001	-5,12955876461470E+001	-1,36416255395018E+002	1,19908524823727E-006	 2,22930189423707E+002	-2,93362957521871E-008	2,22930189423707E+002
                      	11635	           5	 7,50000000000000E+000	-1,10522509705603E+001	 5,23152718573887E+001	-4,87250420777920E+001	9,54949535865247E+001	-6,76917142576145E+001	-1,35279209345499E+002	1,15041193830108E-006	 2,16850920073326E+002	 0,00000000000000E+000	2,16850920073326E+002
          Plate\_2\_15	11635	           1	 7,50000000000000E+000	-1,10522509705603E+001	 5,18601642787198E+001	-4,87246367091543E+001	9,54949210726726E+001	-6,81675394975480E+001	-1,35539963115961E+002	1,15627636136153E-006	 2,16850920073326E+002	 0,00000000000000E+000	2,16850920073326E+002
 Element 49-93 (Plate)	11636	           2	 7,50000000000000E+000	-1,11624186721261E+001	 5,87008740257839E+001	-4,84756030793301E+001	9,41964325260970E+001	-8,70754928934741E+001	-1,35868127779732E+002	1,08452326850440E-006	 2,08284302479908E+002	 0,00000000000000E+000	2,08284302479908E+002
                (ERSS)	11637	           3	 7,50000000000000E+000	-1,12725863736919E+001	 6,58346098964122E+001	-4,82175054467050E+001	9,28990464692172E+001	-1,03678667470999E+002	-1,36660756597298E+002	1,00145540335050E-006	 1,97746653546433E+002	 0,00000000000000E+000	1,97746653546433E+002
                      	11638	           4	 7,50000000000000E+000	-1,13827540752577E+001	 7,29509550194926E+001	-4,79504544591296E+001	9,26048585192377E+001	-1,17587242440794E+002	-1,36072243759477E+002	9,08462833803407E-007	 1,85533841407960E+002	 0,00000000000000E+000	1,85533841407960E+002
                      	11665	           5	 7,50000000000000E+000	-1,14929217768235E+001	 7,97394925239129E+001	-4,76745607644545E+001	9,22658276085584E+001	-1,28411397013530E+002	-1,36952322436767E+002	8,06935627766713E-007	 1,71954273672688E+002	 0,00000000000000E+000	1,71954273672688E+002
          Plate\_2\_15	11665	           1	 7,50000000000000E+000	-1,14929217768235E+001	 7,96820013155062E+001	-4,76741257704678E+001	9,22692576780647E+001	-1,28583847068783E+002	-1,37536587975596E+002	8,09598847847880E-007	 1,71954273672688E+002	 0,00000000000000E+000	1,71954273672688E+002
 Element 49-94 (Plate)	11666	           2	 7,50000000000000E+000	-1,16102549057202E+001	 8,57819217032017E+001	-4,73697312570010E+001	9,18463119066422E+001	-1,36930888617225E+002	-1,39166860906546E+002	7,01066319949257E-007	 1,56324115752373E+002	 0,00000000000000E+000	1,56324115752373E+002
                (ERSS)	11667	           3	 7,50000000000000E+000	-1,17275880346170E+001	 8,97119143345768E+001	-4,70535397309327E+001	9,13663451990208E+001	-1,39910780957502E+002	-1,40083274742263E+002	5,95710731426149E-007	 1,40034051042668E+002	 0,00000000000000E+000	1,40034051042668E+002
                      	11668	           4	 7,50000000000000E+000	-1,18449211635137E+001	 9,16370029286242E+001	-4,67256989257514E+001	9,16967192904434E+001	-1,37977989535565E+002	-1,37977989535565E+002	4,94119676981531E-007	 1,23676225347025E+002	-5,60125251507597E-002	1,23676225347025E+002
                      	12519	           5	 7,50000000000000E+000	-1,19622542924104E+001	 9,17222112043363E+001	-4,63863565749456E+001	9,17222112043363E+001	-1,31586979797369E+002	-1,31586979797369E+002	3,96880751318378E-007	 1,07826511840599E+002	-5,53613549606680E-001	1,07826511840599E+002
          Plate\_2\_15	12519	           1	 7,50000000000000E+000	-1,19622542924104E+001	 9,20747808725787E+001	-4,63858595979131E+001	9,20747808725787E+001	-1,32405999533876E+002	-1,32405999533876E+002	3,97635733182233E-007	 1,07826511840599E+002	-5,53613549606867E-001	1,07826511840599E+002
 Element 49-95 (Plate)	12520	           2	 7,50000000000000E+000	-1,20872188958380E+001	 9,21176669288056E+001	-4,60108870710752E+001	9,21176669288056E+001	-1,22668494220295E+002	-1,22668494220295E+002	3,02213545087526E-007	 9,18801128186341E+001	-1,07232209181681E+000	9,18801128186341E+001
                (ERSS)	12521	           3	 7,50000000000000E+000	-1,22121834992655E+001	 9,22313345371354E+001	-4,56208681141589E+001	9,22313345371354E+001	-1,11950528185917E+002	-1,11950528185917E+002	2,15449438731187E-007	 7,72107628003468E+001	-1,53767703195280E+000	7,72107628003468E+001
                      	12522	           4	 7,50000000000000E+000	-1,23371481026931E+001	 9,24401484726213E+001	-4,52159908120116E+001	9,24401484726213E+001	-1,00445998598320E+002	-1,00445998598320E+002	1,37455927985724E-007	 6,39266863336734E+001	-2,02714019257487E+000	6,39266863336734E+001
                      	12720	           5	 7,50000000000000E+000	-1,24621127061207E+001	 9,27684735103166E+001	-4,47964432494810E+001	9,27684735103166E+001	-8,83488026250843E+001	-8,83488026250843E+001	6,83455267236437E-008	 5,21291771367377E+001	-2,47576555077112E+000	5,21291771367377E+001
          Plate\_2\_15	12720	           1	 7,50000000000000E+000	-1,24621127061207E+001	 9,27963904473007E+001	-4,47958381827983E+001	9,27963904473007E+001	-8,86623235018957E+001	-8,86623235018957E+001	6,81127279189101E-008	 5,21291771367377E+001	-2,47576555077115E+000	5,21291771367377E+001
 Element 49-96 (Plate)	12721	           2	 7,50000000000000E+000	-1,25952051434966E+001	 9,32018424234145E+001	-4,43318051463633E+001	9,32018424234145E+001	-7,63119209156365E+001	-7,63119209156365E+001	4,39675048128907E-009	 4,11622577976024E+001	-2,84620540062322E+000	4,11622577976024E+001
                (ERSS)	12722	           3	 7,50000000000000E+000	-1,27282975808726E+001	 9,34620061250742E+001	-4,38487057570023E+001	9,34620061250742E+001	-6,48379032578280E+001	-6,48379032578280E+001	2,38365959731980E-001	 3,17781192597786E+001	-3,21501241395425E+000	3,17781192597786E+001
                      	12723	           4	 7,50000000000000E+000	-1,28613900182485E+001	 9,35788197039212E+001	-4,33467720054488E+001	9,35788197039212E+001	-5,42888932193896E+001	-5,42888932193896E+001	5,36115074795895E-001	 2,38583848777849E+001	-3,64566595389151E+000	2,38583848777849E+001
                      	13686	           5	 7,50000000000000E+000	-1,29944824556244E+001	 9,35542213115965E+001	-4,28262358824364E+001	9,35542213115965E+001	-4,47135134912405E+001	-4,47135134912405E+001	7,94772187637615E-001	 1,72831851220059E+001	-4,01082174720636E+000	1,72831851220059E+001
          Plate\_2\_15	13686	           1	 7,50000000000000E+000	-1,29944824556244E+001	 9,35591096624787E+001	-4,28254563325352E+001	9,35591096624787E+001	-4,47233550013732E+001	-4,47233550013732E+001	8,10752595754536E-001	 1,72831851220059E+001	-4,01082174720636E+000	1,72831851220059E+001
 Element 49-97 (Plate)	13687	           2	 7,50000000000000E+000	-1,31362313701235E+001	 9,33928966026470E+001	-4,22492690090217E+001	9,33928966026470E+001	-3,58088200494191E+001	-3,58088200494191E+001	1,08920600782311E+000	 1,15907044724384E+001	-4,28117007818609E+000	1,15907044724384E+001
                (ERSS)	13688	           3	 7,50000000000000E+000	-1,32779802846226E+001	 9,30875858715498E+001	-4,16488437609732E+001	9,30875858715498E+001	-2,80663750102380E+001	-2,80663750102380E+001	1,37928477415967E+000	 7,07633665949354E+000	-4,46361525518460E+000	7,07633665949354E+000
                      	13689	           4	 7,50000000000000E+000	-1,34197291991216E+001	 9,26441862464184E+001	-4,10244537391549E+001	9,26441862464184E+001	-2,14802971036909E+001	-2,14802971036909E+001	1,59582980565904E+000	 3,57750068410635E+000	-4,53783578038794E+000	3,57750068410635E+000
                      	13786	           5	 7,50000000000000E+000	-1,35614781136207E+001	 9,20637065044844E+001	-4,03763720943315E+001	9,20637065044844E+001	-1,60348635496392E+001	-1,60348635496392E+001	1,83090562918715E+000	 9,32627088730343E-001	-4,48597948770635E+000	9,32627088730343E-001
          Plate\_2\_15	13786	           1	 7,50000000000000E+000	-1,35614781136207E+001	 9,20647438778004E+001	-4,03753144691935E+001	9,20647438778004E+001	-1,59490110793586E+001	-1,59490110793586E+001	1,86084970793638E+000	 9,32627088730352E-001	-4,48597948770639E+000	9,32627088730352E-001
 Element 49-98 (Plate)	13787	           2	 7,50000000000000E+000	-1,37124465319458E+001	 9,13014088701164E+001	-3,96572462922689E+001	9,13014088701164E+001	-1,12335786817040E+001	-1,12335786817040E+001	2,13464539694540E+000	-1,10744018221214E+000	-4,35112685530794E+000	3,36415635741930E-001
                (ERSS)	13788	           3	 7,50000000000000E+000	-1,38634149502708E+001	 9,03879569985454E+001	-3,89080075246015E+001	9,03879569985454E+001	-7,39044921285140E+000	-7,39044921285140E+000	2,37570563970826E+000	-2,50318643458932E+000	-4,36877540720729E+000	3,29985991706303E-001
                      	13789	           4	 7,50000000000000E+000	-1,40143833685958E+001	 8,93251600257570E+001	-3,81279055080935E+001	8,93251600257570E+001	-4,38623487692420E+000	-4,38623487692420E+000	2,55841936312696E+000	-3,38159859588613E+000	-4,25473844873364E+000	3,28017705334132E-001
                      	14690	           5	 7,50000000000000E+000	-1,41653517869209E+001	 8,81137897144210E+001	-3,73172475846474E+001	8,81137897144210E+001	-2,18754787804588E+000	-2,18754787804588E+000	2,59879959244889E+000	-3,86795819385585E+000	-4,13820680551571E+000	3,29562173940217E-001
          Plate\_2\_15	14690	           1	 7,50000000000000E+000	-1,41653517869209E+001	 8,81123443662127E+001	-3,73157389443895E+001	8,81123443662127E+001	-2,09680709493965E+000	-2,09680709493965E+000	2,63102248732749E+000	-3,86795819385585E+000	-4,13820680551570E+000	3,29562173939916E-001
 Element 49-99 (Plate)	14691	           2	 7,50000000000000E+000	-1,43261393556448E+001	 8,66586816384391E+001	-3,64162479161091E+001	8,66586816384391E+001	-3,99179311085986E-001	-3,99179311085986E-001	2,58100193247133E+000	-4,06191799264030E+000	-4,11767845476823E+000	3,36732197242676E-001
                (ERSS)	14692	           3	 7,50000000000000E+000	-1,44869269243687E+001	 8,50313394923638E+001	-3,54758924444694E+001	8,50313394923638E+001	 8,25078464905330E-001	-6,76750828485964E-003	2,51410724072769E+000	-4,02185827762088E+000	-4,02185827762088E+000	3,44802810059696E-001
                      	14693	           4	 7,50000000000000E+000	-1,46477144930926E+001	 8,32310860721542E+001	-3,44949905485267E+001	8,32310860721542E+001	 1,60123120835000E+000	-2,62520775811495E-002	2,48541643724137E+000	-3,82053560488270E+000	-3,82053560488270E+000	3,52112922285043E-001
                      	14742	           5	 7,50000000000000E+000	-1,48085020618166E+001	 8,12586895219776E+001	-3,34738602473376E+001	8,12586895219776E+001	 1,95454389456373E+000	-6,31182572561161E-002	2,30964839956466E+000	-3,52941576994891E+000	-3,52941576994891E+000	3,51872623568339E-001
          Plate\_2\_15	14742	           1	 7,50000000000000E+000	-1,48085020618166E+001	 8,12546657952798E+001	-3,34715988952296E+001	8,12546657952798E+001	 2,01385549744370E+000	-6,29982910477473E-002	2,34434567786993E+000	-3,52941576994891E+000	-3,52941576994891E+000	3,51872623568316E-001
Element 49-100 (Plate)	14743	           2	 7,50000000000000E+000	-1,49797474291787E+001	 7,89597256856637E+001	-3,23361145230875E+001	7,89597256856637E+001	 2,10614403113524E+000	-1,35445841832186E-001	2,19083129461877E+000	-3,17378227608182E+000	-3,17378227608182E+000	3,38532517190532E-001
                (ERSS)	14744	           3	 7,50000000000000E+000	-1,51509927965408E+001	 7,64533370482812E+001	-3,11455709194138E+001	7,64533370482812E+001	 2,00708425873762E+000	-2,40604613393663E-001	2,00977695698169E+000	-2,81915666517437E+000	-2,81915666517437E+000	3,07704979918623E-001
                      	14745	           4	 7,50000000000000E+000	-1,53222381639029E+001	 7,37362411695077E+001	-2,99002464201330E+001	7,37362411695077E+001	 1,73174872395296E+000	-3,90808788472983E-001	1,73174872395296E+000	-2,49627237039169E+000	-2,49627237039169E+000	2,56517201348404E-001
                      	15600	           5	 7,50000000000000E+000	-1,54934835312651E+001	 7,08091793357187E+001	-2,86004193611692E+001	7,08091793357187E+001	 1,29520997048339E+000	-5,78176206110840E-001	1,29520997048339E+000	-2,23508662111625E+000	-2,23508662111625E+000	2,18523821734928E-001
          Plate\_2\_15	15600	           1	 7,50000000000000E+000	-1,54934835312651E+001	 7,08011749464473E+001	-2,85968448429616E+001	7,08011749464473E+001	 1,33371093592188E+000	-5,70396180849424E-001	1,33371093592188E+000	-2,23508662111625E+000	-2,23508662111625E+000	2,18523821735013E-001
Element 49-101 (Plate)	15601	           2	 7,50000000000000E+000	-1,56758668838820E+001	 6,74415384437654E+001	-2,71467653843209E+001	6,74415384437654E+001	 7,85475583198114E-001	-8,14645682349266E-001	7,85475583198114E-001	-2,04165202341505E+000	-2,04165202341505E+000	2,06197523234524E-001
                (ERSS)	15602	           3	 7,50000000000000E+000	-1,58582502364989E+001	 6,38104437119334E+001	-2,56197301558754E+001	6,38104437119334E+001	 2,41368517115343E-001	-1,06243400176646E+000	2,41368517115343E-001	-1,94853942564003E+000	-1,94853942564003E+000	2,05618485837663E-001
                      	15603	           4	 7,50000000000000E+000	-1,60406335891158E+001	 5,99081804510149E+001	-2,40158582463853E+001	5,99081804510149E+001	-2,80889492202984E-001	-1,29561767423420E+000	2,82724600043973E-007	-1,95226089039972E+000	-1,95226089039972E+000	2,04079008578179E-001
                      	16406	           5	 7,50000000000000E+000	-1,62230169417327E+001	 5,57350383610733E+001	-2,23352687446108E+001	5,57350383610733E+001	-7,63577674633422E-001	-1,50460598732402E+000	2,91966175775879E-007	-2,04837522635766E+000	-2,04837522635766E+000	1,98433763824777E-001
          Plate\_2\_15	16406	           1	 7,50000000000000E+000	-1,62230169417327E+001	 5,57182107295075E+001	-2,23288866999305E+001	5,57182107295075E+001	-6,15723928647956E-001	-1,39240634896260E+000	2,57704289350073E-007	-2,04837522635766E+000	-2,04837522635766E+000	1,98433763824596E-001
Element 49-102 (Plate)	16407	           2	 7,50000000000000E+000	-1,64172627062995E+001	 5,09556486795643E+001	-2,04459272577889E+001	5,09556486795643E+001	-1,07631480971182E+000	-1,58074984001964E+000	2,41028872047425E-007	-2,22103243575563E+000	-2,22103243575563E+000	1,86622259538522E-001
                (ERSS)	16408	           3	 7,50000000000000E+000	-1,66115084708664E+001	 4,58178854537727E+001	-1,84491789825829E+001	4,58178854537727E+001	-8,66578148170645E-001	-1,23700180076723E+000	5,17667453483544E-008	-2,42474857444204E+000	-2,42474857444204E+000	1,67043122392170E-001
                      	16409	           4	 7,50000000000000E+000	-1,68057542354332E+001	 4,03013635543976E+001	-1,63373754699871E+001	4,03013635543976E+001	 1,62268443393506E-001	-4,29000676389084E-001	1,62268443393506E-001	-2,50476083265954E+000	-2,50476083265954E+000	1,38680086107400E-001
                      	16420	           5	 7,50000000000000E+000	-1,70000000000000E+001	 3,44025254837040E+001	-1,41092503156764E+001	3,44025254837040E+001	 2,15900735239857E+000	-2,21797487834525E-001	2,15900735239857E+000	-2,29745853086060E+000	-2,29745853086060E+000	1,00613725535397E-001
          Plate\_1\_16	10663	           1	-7,50000000000000E+000	-1,70000000000000E+001	 3,55543400682721E+001	-1,43027150602404E+001	3,55543400682721E+001	-1,98385432557771E+000	-2,01500247054229E+000	1,83525427144822E-001	 1,61274740156401E+000	-2,50780283577136E-003	1,87434733544986E+000
Element 50-103 (Plate)	10664	           2	-7,50000000000000E+000	-1,71250000000000E+001	 3,26451173118795E+001	-1,33514443318233E+001	3,26451173118795E+001	-3,75242160114246E+000	-3,82930770123793E+000	2,06894289211426E-001	 1,23932744208597E+000	-4,86464389354848E-007	1,50317969560069E+000
                (ERSS)	10665	           3	-7,50000000000000E+000	-1,72500000000000E+001	 2,96605493533352E+001	-1,23882968269729E+001	2,96605493533352E+001	-4,12567297152159E+000	-4,49922056052631E+000	9,88318102400265E-002	 7,33083664801509E-001	-3,08844202731661E-007	9,78607795245279E-001
                      	10666	           4	-7,50000000000000E+000	-1,73750000000000E+001	 2,66339178757679E+001	-1,14245163596567E+001	2,66339178757679E+001	-3,14847739550631E+000	-4,08281313126342E+000	1,27610477158340E-006	 2,63909179573334E-001	-1,35923482649546E-007	4,39262605649763E-001
                      	11425	           5	-7,50000000000000E+000	-1,75000000000000E+001	 2,35985045623062E+001	-1,04713467438422E+001	2,35985045623062E+001	-8,65703831887800E-001	-2,78377504332272E+000	8,60364232394713E-007	-1,94289029309402E-016	-1,46733319938974E-013	3,08024439288346E-013
          Plate\_2\_16	16420	           1	 7,50000000000000E+000	-1,70000000000000E+001	 3,45215807290372E+001	-1,41650066483771E+001	3,45215807290372E+001	 2,47675232638276E+000	-2,13396549159882E-001	2,47675232638276E+000	-2,29745853086059E+000	-2,29745853086059E+000	1,00613725535806E-001
Element 51-104 (Plate)	16421	           2	 7,50000000000000E+000	-1,71250000000000E+001	 3,16799304374696E+001	-1,32005205654724E+001	3,16799304374696E+001	 4,29627891263961E+000	-2,25576009279377E-001	4,29627891263961E+000	-1,86341490957304E+000	-1,86341490957304E+000	7,29810373594294E-002
                (ERSS)	16422	           3	 7,50000000000000E+000	-1,72500000000000E+001	 2,87836252286012E+001	-1,22280703064271E+001	2,87836252286012E+001	 5,16692208130557E+000	-2,16505072605661E-001	5,16692208130557E+000	-1,26353532133003E+000	-1,26353532133003E+000	4,50936254449283E-002
                      	16423	           4	 7,50000000000000E+000	-1,73750000000000E+001	 2,58643553974698E+001	-1,12605425046879E+001	2,58643553974698E+001	 5,17944353680171E+000	-1,84514653907125E-001	5,17944353680171E+000	-6,07121694413064E-001	-6,07121694413064E-001	1,97967248085417E-002
                      	17112	           5	 7,50000000000000E+000	-1,75000000000000E+001	 2,29538112391134E+001	-1,03108237937016E+001	2,29538112391134E+001	 4,42460498354908E+000	-1,27935667952156E-001	4,42460498354908E+000	-9,43689570931383E-016	-3,86836396248924E-013	5,13492026676943E-013
