    Structural element	 Node	Local number	                 X [m]	                 Y [m]	              N [kN/m]	          N_min [kN/m]	         N_max [kN/m]	              Q [kN/m]	          Q_min [kN/m]	         Q_max [kN/m]	            M [kN m/m]	        M_min [kN m/m]	       M_max [kN m/m]
           Plate\_1\_1	  481	           1	-7,50000000000000E+000	 2,85000000000000E+000	 1,09554487144399E+000	-8,04530658812172E-001	1,09575603096113E+000	 2,88116968225798E+000	-9,36710463384537E-002	2,88308767755151E+000	-4,49640324973188E-014	-6,30523411260242E-013	3,66623398306842E-013
   Element 1-1 (Plate)	  480	           2	-7,50000000000000E+000	 2,51250000000000E+000	-5,20568162147378E+000	-5,26598259238743E+000	5,86208363179141E-005	-1,26284182388690E+001	-1,26420993915753E+001	1,69367103826703E+000	-1,69519633112575E+000	-1,70306000874940E+000	3,13423271299049E-001
                (ERSS)	  479	           3	-7,50000000000000E+000	 2,17500000000000E+000	-1,07170760098491E+001	-1,07461975262171E+001	3,29549126897870E-005	-2,70787179956065E+001	-2,70787179956065E+001	2,47531139895095E+000	-8,39232268638222E+000	-8,39232268638222E+000	1,03419525045104E+000
                      	  478	           4	-7,50000000000000E+000	 1,83750000000000E+000	-1,57096229996705E+001	-1,57096229996705E+001	1,74607721085982E-005	-4,12161195111073E+001	-4,12161195111073E+001	2,57518838288977E+000	-1,99423730927473E+001	-1,99423730927473E+001	1,90081049994095E+000
                      	  482	           5	-7,50000000000000E+000	 1,50000000000000E+000	-2,04543072969263E+001	-2,04543072969263E+001	1,52355267939873E-005	-5,57870127085242E+001	-5,57870127085242E+001	2,52169863006703E+000	-3,62746983484672E+001	-3,62746983484672E+001	2,68589307815659E+000
           Plate\_2\_1	 8264	           1	 7,50000000000000E+000	 2,85000000000000E+000	 1,03462328171164E+000	-8,29799505828942E-001	1,05326685640227E+000	-2,88493193314965E+000	-2,91678239613714E+000	1,15953671072640E-001	 2,83384427035571E-014	-6,68284871885305E-013	5,12059145085786E-013
   Element 2-2 (Plate)	 8265	           2	 7,50000000000000E+000	 2,51250000000000E+000	-5,14951581724402E+000	-5,21686689833524E+000	5,92449883760940E-005	 1,30799472368493E+001	-1,70839787254120E+000	1,30799472368493E+001	 1,77775262570902E+000	-3,10337921539204E-001	1,77775262570902E+000
                (ERSS)	 8266	           3	 7,50000000000000E+000	 2,17500000000000E+000	-1,05970503435118E+001	-1,06628908160637E+001	3,35130310771238E-005	 2,77809131927749E+001	-2,50190406608942E+000	2,77809131927749E+001	 8,67326276738641E+000	-1,03842117448659E+000	8,67326276738641E+000
                      	 8267	           4	 7,50000000000000E+000	 1,83750000000000E+000	-1,55776330229550E+001	-1,55776330229550E+001	1,77458822228144E-005	 4,20085211950296E+001	-2,57509762552508E+000	4,20085211950296E+001	 2,04809786808900E+001	-1,91243710325462E+000	2,04809786808900E+001
                      	 8268	           5	 7,50000000000000E+000	 1,50000000000000E+000	-2,03609165814372E+001	-2,03609165814372E+001	1,51321887008357E-005	 5,65533265040159E+001	-2,49220780802153E+000	5,65533265040159E+001	 3,70782673395026E+001	-2,68516526583893E+000	3,70782673395026E+001
           Plate\_1\_2	  482	           1	-7,50000000000000E+000	 1,50000000000000E+000	-2,03097400624449E+001	-2,03097400624449E+001	1,35585556219019E-005	 1,37538814599061E+002	-1,91366672412358E+001	1,37538814599061E+002	-3,62746983484671E+001	-3,62746983484671E+001	2,68589307815664E+000
   Element 3-3 (Plate)	  467	           2	-7,50000000000000E+000	 1,25000000000000E+000	-2,35447434063112E+001	-2,35447434063112E+001	1,50760266216634E-005	 1,26712285178453E+002	-2,59354310028008E+001	1,26712285178453E+002	-3,24188852436355E+000	-1,64882101945215E+001	3,20982533738254E+000
                (ERSS)	  466	           3	-7,50000000000000E+000	 1,00000000000000E+000	-2,65953830463718E+001	-2,65953830463718E+001	1,67990418941158E-005	 1,15739168320774E+002	-3,35131863006560E+001	1,15739168320774E+002	 2,70645047412492E+001	-2,39142413850680E+001	2,70645047412492E+001
                      	  465	           4	-7,50000000000000E+000	 7,50000000000000E-001	-2,93603849457219E+001	-2,93603849457219E+001	1,86984302756361E-005	 1,04883464430919E+002	-4,16176931969325E+001	1,04883464430919E+002	 5,46508489257392E+001	-3,32925482822566E+001	5,46508489257392E+001
                      	  464	           5	-7,50000000000000E+000	 5,00000000000000E-001	-3,17384750674565E+001	-3,17384750674565E+001	2,07450206026014E-005	 9,44091739137810E+001	-4,99967117537613E+001	9,44091739137810E+001	 7,95427348686835E+001	-4,47416571376446E+001	7,95427348686835E+001
           Plate\_2\_2	 8268	           1	 7,50000000000000E+000	 1,50000000000000E+000	-2,01668776143051E+001	-2,01668776143051E+001	1,35790948467085E-005	-1,36818956885579E+002	-1,36818956885579E+002	1,92760045895379E+001	 3,70782673395026E+001	-2,68516526583915E+000	3,70782673395026E+001
   Element 4-4 (Plate)	 7765	           2	 7,50000000000000E+000	 1,25000000000000E+000	-2,33452877040895E+001	-2,33452877040895E+001	1,50910575623070E-005	-1,26134400142881E+002	-1,26134400142881E+002	2,56257826674706E+001	 4,21080386409705E+000	-3,20663479830589E+000	1,64478638981199E+001
                (ERSS)	 7766	           3	 7,50000000000000E+000	 1,00000000000000E+000	-2,63343784847070E+001	-2,63343784847070E+001	1,67979894368033E-005	-1,15315420148204E+002	-1,15315420148204E+002	3,29691878454318E+001	-2,59749571564133E+001	-2,59749571564133E+001	2,37580845774919E+001
                      	 7767	           4	 7,50000000000000E+000	 7,50000000000000E-001	-2,90854957023245E+001	-2,90854957023245E+001	1,86711199404051E-005	-1,04490372219701E+002	-1,04490372219701E+002	4,11825650859765E+001	-5,34597259948961E+001	-5,34597259948961E+001	3,30087262143010E+001
                      	 7764	           5	 7,50000000000000E+000	 5,00000000000000E-001	-3,15499851031086E+001	-3,15499851031086E+001	2,06816785433204E-005	-9,37876116755259E+001	-9,37876116755259E+001	5,01422593516602E+001	-7,82331080577605E+001	-7,82331080577605E+001	4,44090795459115E+001
           Plate\_1\_3	  464	           1	-7,50000000000000E+000	 5,00000000000000E-001	-3,17819533857299E+001	-3,17819533857299E+001	2,06659355514839E-005	 9,42937164280483E+001	-5,00605130992012E+001	9,42937164280483E+001	 7,95427348686834E+001	-4,47416571376446E+001	7,95427348686834E+001
  Element 6-10 (Plate)	  295	           2	-7,50000000000000E+000	 8,33333333333334E-002	-3,49705357561148E+001	-3,49705357561148E+001	2,40521324362777E-005	 7,74577900012534E+001	-6,07454983807520E+001	7,74577900012534E+001	 1,15338415315022E+002	-6,79720641224413E+001	1,15338415315022E+002
                (ERSS)	  294	           3	-7,50000000000000E+000	-3,33333333333333E-001	-3,79336551062565E+001	-3,79336551062565E+001	2,67597521124479E-005	 5,94690978355533E+001	-6,66371333871077E+001	5,94690978355533E+001	 1,43940517778501E+002	-9,46992803919498E+001	1,43940517778501E+002
                      	  293	           4	-7,50000000000000E+000	-7,50000000000000E-001	-4,08748565076312E+001	-4,08748565076312E+001	2,87848896072836E-005	 3,98092375815115E+001	-6,70899469731966E+001	3,98092375815115E+001	 1,64675468208776E+002	-1,22711900862116E+002	1,64675468208776E+002
                      	  292	           5	-7,50000000000000E+000	-1,16666666666667E+000	-4,39976850317150E+001	-4,39976850317150E+001	3,01236399480740E-005	 1,79598068896914E+001	-6,18186545973665E+001	1,79598068896914E+001	 1,76801291573951E+002	-1,49737647298188E+002	1,76801291573951E+002
           Plate\_1\_3	  292	           1	-7,50000000000000E+000	-1,16666666666667E+000	-4,39729851497472E+001	-4,39729851497472E+001	3,01603082569672E-005	 1,80198293001490E+001	-6,26705847821716E+001	1,80198293001490E+001	 1,76801291573950E+002	-1,49737647298188E+002	1,76801291573950E+002
  Element 6-11 (Plate)	   45	           2	-7,50000000000000E+000	-1,37500000000000E+000	-4,50744170421359E+001	-4,50744170421359E+001	3,06262972500084E-005	 7,63725393572977E+000	-5,96151314714452E+001	7,63725393572977E+000	 1,79475691091839E+002	-1,62460263229564E+002	1,79475691091839E+002
                (ERSS)	   44	           3	-7,50000000000000E+000	-1,58333333333333E+000	-4,61007615806385E+001	-4,61007615806385E+001	3,09866641192983E-005	-2,98751035214668E+000	-5,71941641559921E+001	0,00000000000000E+000	 1,79967273218360E+002	-1,74567309293706E+002	1,79967273218360E+002
                      	   43	           4	-7,50000000000000E+000	-1,79166666666667E+000	-4,70991619312153E+001	-4,70991619312153E+001	3,12450283950933E-005	-1,39705316789063E+001	-5,89453467890603E+001	1,63293243023406E-006	 1,78205741853232E+002	-1,86163408176213E+002	1,78205741853232E+002
                      	   66	           5	-7,50000000000000E+000	-2,00000000000000E+000	-4,81167612598269E+001	-4,81167612598269E+001	3,14050096076500E-005	-2,54278781599753E+001	-6,34096059897446E+001	9,91590015967349E-006	 1,74112694409208E+002	-1,97375489600717E+002	1,74112694409208E+002
           Plate\_2\_3	 7764	           1	 7,50000000000000E+000	 5,00000000000000E-001	-3,14068909666668E+001	-3,14068909666668E+001	2,06077551849727E-005	-9,41548344003503E+001	-9,41548344003503E+001	4,96937272266754E+001	-7,82331080577604E+001	-7,82331080577604E+001	4,44090795459115E+001
  Element 9-16 (Plate)	 7671	           2	 7,50000000000000E+000	 8,33333333333334E-002	-3,45914830152772E+001	-3,45914830152772E+001	2,39445532032271E-005	-7,73268841282513E+001	-7,73268841282513E+001	6,06422129305713E+001	-1,13906897377630E+002	-1,13906897377630E+002	6,75941866036355E+001
                (ERSS)	 7672	           3	 7,50000000000000E+000	-3,33333333333333E-001	-3,72263624035454E+001	-3,72263624035454E+001	2,66080676307657E-005	-6,01863788197570E+001	-6,01863788197570E+001	6,61274842693362E+001	-1,42662948469715E+002	-1,42662948469715E+002	9,41560088649840E+001
                      	 7673	           4	 7,50000000000000E+000	-7,50000000000000E-001	-3,99101504738263E+001	-3,99101504738263E+001	2,85939728711756E-005	-4,11926413908318E+001	-4,11926413908318E+001	6,60097881731166E+001	-1,63816549499566E+002	-1,63816549499566E+002	1,21815981818029E+002
                      	 8784	           5	 7,50000000000000E+000	-1,16666666666667E+000	-4,32414685684751E+001	-4,32414685684751E+001	2,98979433280444E-005	-1,88049947574403E+001	-1,88049947574403E+001	6,08422927702414E+001	-1,76484866618701E+002	-1,76484866618701E+002	1,48326226189863E+002
           Plate\_2\_3	 8784	           1	 7,50000000000000E+000	-1,16666666666667E+000	-4,31212054309170E+001	-4,31212054309170E+001	2,99361087458120E-005	-1,91113798517620E+001	-1,91113798517620E+001	6,16152295031222E+001	-1,76484866618701E+002	-1,76484866618701E+002	1,48326226189863E+002
  Element 9-17 (Plate)	 8781	           2	 7,50000000000000E+000	-1,37500000000000E+000	-4,44996808941413E+001	-4,44996808941413E+001	3,03867965107412E-005	-8,01085029576316E+000	-8,01085029576316E+000	5,89775233686078E+001	-1,79305580171647E+002	-1,79305580171647E+002	1,60848745265727E+002
                (ERSS)	 8782	           3	 7,50000000000000E+000	-1,58333333333333E+000	-4,56689559800590E+001	-4,56689559800590E+001	3,07348847787052E-005	 2,98489938553826E+000	 0,00000000000000E+000	5,70407784346432E+001	-1,79830758588112E+002	-1,79830758588112E+002	1,72855605949034E+002
                      	 8783	           4	 7,50000000000000E+000	-1,79166666666667E+000	-4,66818124216446E+001	-4,66818124216446E+001	3,09844988019939E-005	 1,40068343050894E+001	-2,63615610278205E-006	5,90328929804408E+001	-1,78059767222115E+002	-1,78059767222115E+002	1,84449416931143E+002
                      	 8800	           5	 7,50000000000000E+000	-2,00000000000000E+000	-4,75910319518726E+001	-4,75910319518726E+001	3,11397638328973E-005	 2,51859195758374E+001	-1,09463170564201E-005	6,35643991314412E+001	-1,73982905045210E+002	-1,73982905045210E+002	1,95748346838799E+002
           Plate\_1\_4	   66	           1	-7,50000000000000E+000	-2,00000000000000E+000	-4,80169130547199E+001	-4,80169130547199E+001	3,14815377162033E-005	-2,51674693184020E+001	-6,31769530209444E+001	1,66080098747388E-005	 1,74112694409208E+002	-1,97375489600717E+002	1,74112694409208E+002
 Element 10-18 (Plate)	   69	           2	-7,50000000000000E+000	-2,12500000000000E+000	-4,86412683742103E+001	-4,86412683742103E+001	3,23747110471971E-005	-3,12352514890645E+001	-5,99876046557271E+001	6,92001531439694E-005	 1,70590168608276E+002	-2,03095341504470E+002	1,70590168608276E+002
                (ERSS)	   68	           3	-7,50000000000000E+000	-2,25000000000000E+000	-4,92920473933114E+001	-4,92920473933114E+001	5,33039875197524E+000	-3,75076745995567E+001	-5,82294437548552E+001	2,03315784406131E+000	 1,66295347138527E+002	-2,06869732026742E+002	1,66295347138527E+002
                      	   67	           4	-7,50000000000000E+000	-2,37500000000000E+000	-4,99887319432079E+001	-4,99887319432079E+001	1,03143634361930E+001	-4,40218560465756E+001	-5,83033878750103E+001	1,30344055807964E+001	 1,61201015030380E+002	-2,08608119319764E+002	1,61201015030380E+002
                      	   80	           5	-7,50000000000000E+000	-2,50000000000000E+000	-5,07508038550841E+001	-5,07508038550841E+001	1,50497841916181E+001	-5,08149132268185E+001	-6,05788107896949E+001	2,39428124859757E+001	 1,55278281720243E+002	-2,08241439009808E+002	1,55278281720243E+002
           Plate\_2\_4	 8800	           1	 7,50000000000000E+000	-2,00000000000000E+000	-4,75459036218274E+001	-4,75459036218274E+001	3,12405532378770E-005	 2,50739009208557E+001	-1,75836277253386E-005	6,26571680845857E+001	-1,73982905045210E+002	-1,73982905045210E+002	1,95748346838799E+002
 Element 13-21 (Plate)	 8801	           2	 7,50000000000000E+000	-2,12500000000000E+000	-4,81980717725478E+001	-4,81980717725478E+001	3,20838894584596E-005	 3,11902742676607E+001	-7,02239475607264E-005	5,96725156974586E+001	-1,70468504942333E+002	-1,70468504942333E+002	2,01421393810980E+002
                (ERSS)	 8802	           3	 7,50000000000000E+000	-2,25000000000000E+000	-4,88808136817548E+001	-4,88808136817548E+001	4,97930797140679E+000	 3,75241055697634E+001	-2,36928622762137E+000	5,81386772366297E+001	-1,66176708714298E+002	-1,66176708714298E+002	2,05141110417399E+002
                      	 8803	           4	 7,50000000000000E+000	-2,37500000000000E+000	-4,96439127805078E+001	-4,96439127805078E+001	9,70668228489696E+000	 4,41746102132515E+001	-1,31898546972565E+001	5,87886103244719E+001	-1,61072122893393E+002	-1,61072122893393E+002	2,07027570314734E+002
                      	 8804	           5	 7,50000000000000E+000	-2,50000000000000E+000	-5,05371524998659E+001	-5,05371524998659E+001	1,41919310635203E+001	 5,12410035842126E+001	-2,45273856995393E+001	6,18374411153774E+001	-1,55115308525646E+002	-1,55115308525646E+002	2,07278390102339E+002
           Plate\_1\_5	   80	           1	-7,50000000000000E+000	-2,50000000000000E+000	-5,10131520102850E+001	-5,10131520102850E+001	1,55435445584022E+001	-5,13791269019970E+001	-6,11579908256734E+001	2,35461187724082E+001	 1,55278281720243E+002	-2,08241439009808E+002	1,55278281720243E+002
 Element 14-22 (Plate)	   83	           2	-7,50000000000000E+000	-2,75000000000000E+000	-5,25070413790679E+001	-5,25070413790679E+001	2,29201412442731E+001	-6,53395021310054E+001	-6,85931679756814E+001	4,59617816029652E+001	 1,40695046038219E+002	-2,02058387357358E+002	1,40695046038219E+002
                (ERSS)	   82	           3	-7,50000000000000E+000	-3,00000000000000E+000	-5,41153087237482E+001	-5,41153087237482E+001	2,90086937631342E+001	-8,01350955841364E+001	-8,01740189880030E+001	6,53270737772695E+001	 1,22547379375917E+002	-1,89241376362782E+002	1,22547379375917E+002
                      	   81	           4	-7,50000000000000E+000	-3,25000000000000E+000	-5,61685653449077E+001	-5,61685653449077E+001	3,38211921280930E+001	-9,64477853178167E+001	-9,64477853178167E+001	8,35357366205574E+001	 1,00491881632001E+002	-1,71062098356399E+002	1,00491881632001E+002
                      	  188	           5	-7,50000000000000E+000	-3,50000000000000E+000	-5,89974225431279E+001	-5,89974225431279E+001	3,73696263522570E+001	-1,14959449388473E+002	-1,14959449388473E+002	9,46283217361603E+001	 7,41319231947914E+001	-1,60787721839846E+002	7,41319231947914E+001
           Plate\_2\_5	 8804	           1	 7,50000000000000E+000	-2,50000000000000E+000	-5,08954060230951E+001	-5,08954060230951E+001	1,44891554236714E+001	 5,20082801675506E+001	-2,36230863937624E+001	6,11634565013077E+001	-1,55115308525646E+002	-1,55115308525646E+002	2,07278390102339E+002
 Element 17-25 (Plate)	 8642	           2	 7,50000000000000E+000	-2,75000000000000E+000	-5,22751419309488E+001	-5,22751419309488E+001	2,20449658375132E+001	 6,57154381279231E+001	-4,55737917740492E+001	6,85894002673495E+001	-1,40409856759407E+002	-1,40409856759407E+002	2,01615454360809E+002
                (ERSS)	 8643	           3	 7,50000000000000E+000	-3,00000000000000E+000	-5,38370434561570E+001	-5,38370434561570E+001	2,80849363706563E+001	 8,04118080514371E+001	-6,58585083801310E+001	8,05596188309315E+001	-1,22183486737978E+002	-1,22183486737978E+002	1,89316494695250E+002
                      	 8644	           4	 7,50000000000000E+000	-3,25000000000000E+000	-5,59054300193733E+001	-5,59054300193733E+001	3,28155140692901E+001	 9,67703458897097E+001	-8,09808997009244E+001	9,67703458897097E+001	-1,00056221345589E+002	-1,00056221345589E+002	1,71578898703289E+002
                      	 9799	           5	 7,50000000000000E+000	-3,50000000000000E+000	-5,88046210412511E+001	-5,88046210412511E+001	3,64431459796041E+001	 1,15464007594358E+002	-9,41509790588785E+001	1,15464007594358E+002	-7,35955359791480E+001	-7,35955359791480E+001	1,60776974325916E+002
           Plate\_1\_6	  188	           1	-7,50000000000000E+000	-3,50000000000000E+000	-6,06006383249208E+001	-6,06006383249208E+001	4,03317928497430E+001	-1,18376711107915E+002	-1,18663366264921E+002	9,98717839726846E+001	 7,41319231947914E+001	-1,60787721839846E+002	7,41319231947914E+001
 Element 18-26 (Plate)	  191	           2	-7,50000000000000E+000	-3,87500000000000E+000	-5,29100184913059E+001	-5,29100184913059E+001	3,89848003837034E+001	-1,23671326727083E+002	-1,23671326727083E+002	9,56483455576610E+001	 2,85398393663766E+001	-1,57347931387006E+002	2,85398393663766E+001
                (ERSS)	  190	           3	-7,50000000000000E+000	-4,25000000000000E+000	-4,27778276309338E+001	-4,27778276309338E+001	3,74503156609274E+001	-1,23264686121060E+002	-1,23264686121060E+002	8,54043205463121E+001	-1,78817780710511E+001	-1,59485756366087E+002	0,00000000000000E+000
                      	  189	           4	-7,50000000000000E+000	-4,62500000000000E+000	-3,08144402658334E+001	-4,01567889156480E+001	3,57511829795831E+001	-1,18421654919599E+002	-1,18421654919599E+002	8,12989311802042E+001	-6,33757903699005E+001	-1,62951796219039E+002	0,00000000000000E+000
                      	  416	           5	-7,50000000000000E+000	-5,00000000000000E+000	-1,76302309180332E+001	-4,14982007559924E+001	4,01085665993626E+001	-1,10407098752452E+002	-1,10407098752452E+002	7,74527807091294E+001	-1,06329305708445E+002	-1,68315206385771E+002	0,00000000000000E+000
           Plate\_2\_6	 9799	           1	 7,50000000000000E+000	-3,50000000000000E+000	-6,01150795664546E+001	-6,01150795664546E+001	3,93919899338932E+001	 1,18280385471828E+002	-9,89746149603381E+001	1,18280385471828E+002	-7,35955359791478E+001	-7,35955359791478E+001	1,60776974325916E+002
 Element 21-29 (Plate)	 9800	           2	 7,50000000000000E+000	-3,87500000000000E+000	-5,30394336916834E+001	-5,30394336916834E+001	3,81204325987477E+001	 1,24887820095806E+002	-9,58139226326717E+001	1,24887820095806E+002	-2,77173248560861E+001	-2,77173248560861E+001	1,57060679655425E+002
                (ERSS)	 9801	           3	 7,50000000000000E+000	-4,25000000000000E+000	-4,27084107117470E+001	-4,27084107117470E+001	3,66387088501262E+001	 1,24069917909684E+002	-8,57014427844481E+001	1,24069917909684E+002	 1,91000974286348E+001	 0,00000000000000E+000	1,59044331286611E+002
                      	 9802	           4	 7,50000000000000E+000	-4,62500000000000E+000	-3,00316178174026E+001	-4,01641015223970E+001	3,49735305653735E+001	 1,17786113560388E+002	-8,11723848645340E+001	1,17786113560388E+002	 6,46737485834864E+001	 0,00000000000000E+000	1,62407431892300E+002
                      	10469	           5	 7,50000000000000E+000	-5,00000000000000E+000	-1,59186621994076E+001	-4,15058276113441E+001	3,97136455919448E+001	 1,07995841694840E+002	-7,76658174548659E+001	1,07995841694840E+002	 1,07044166028639E+002	 0,00000000000000E+000	1,66262183883502E+002
           Plate\_1\_7	  416	           1	-7,50000000000000E+000	-5,00000000000000E+000	-1,68819330642147E+001	-4,15120865427802E+001	4,09017038929366E+001	-1,08898270164973E+002	-1,08898270164973E+002	7,85398776498060E+001	-1,06329305708445E+002	-1,68315206385771E+002	0,00000000000000E+000
 Element 22-30 (Plate)	  419	           2	-7,50000000000000E+000	-5,13750000000000E+000	-1,07946280138025E+001	-4,20321753500855E+001	4,55939766530369E+001	-1,03233592651134E+002	-1,03233592651134E+002	7,92334119574796E+001	-1,20856310450253E+002	-1,69463992822479E+002	0,00000000000000E+000
                (ERSS)	  418	           3	-7,50000000000000E+000	-5,27500000000000E+000	-5,77048507054112E+000	-4,25384346962587E+001	4,94429544003687E+001	-9,97700527749494E+001	-9,97700527749494E+001	8,18123414910688E+001	-1,34838291115559E+002	-1,70342895977704E+002	0,00000000000000E+000
                      	  417	           4	-7,50000000000000E+000	-5,41250000000000E+000	-6,76089986002656E-001	-4,30305894891809E+001	5,25703970441038E+001	-9,60846412653812E+001	-9,60846412653812E+001	8,20272438596854E+001	-1,48289252181280E+002	-1,70016652759444E+002	0,00000000000000E+000
                      	  493	           5	-7,50000000000000E+000	-5,55000000000000E+000	 5,62197148824088E+000	-4,35083646367335E+001	5,67733040469499E+001	-8,97543488513913E+001	-8,97543488513913E+001	8,50248742117465E+001	-1,61121492627447E+002	-1,74341870621914E+002	0,00000000000000E+000
           Plate\_2\_7	10469	           1	 7,50000000000000E+000	-5,00000000000000E+000	-1,57602023746031E+001	-4,15192134043729E+001	4,04418044635754E+001	 1,07686535322118E+002	-7,85081729144841E+001	1,07686535322118E+002	 1,07044166028639E+002	 0,00000000000000E+000	1,66262183883503E+002
 Element 25-33 (Plate)	10470	           2	 7,50000000000000E+000	-5,13750000000000E+000	-9,90516859863327E+000	-4,20390566454479E+001	4,51564240251385E+001	 1,02547247636776E+002	-7,92537088094264E+001	1,02547247636776E+002	 1,21379972864902E+002	 0,00000000000000E+000	1,67388119101521E+002
                (ERSS)	10471	           3	 7,50000000000000E+000	-5,27500000000000E+000	-5,91434932250037E+000	-4,25451206067452E+001	4,90154612472006E+001	 1,01326667494299E+002	-8,16818174470434E+001	1,01326667494299E+002	 1,35470573607135E+002	 0,00000000000000E+000	1,68520485374394E+002
                      	10472	           4	 7,50000000000000E+000	-5,41250000000000E+000	-1,01969285090553E+000	-4,30371184543114E+001	5,25774762967114E+001	 9,81206350628455E+001	-8,18417673706548E+001	9,81206350628455E+001	 1,49160295281805E+002	 0,00000000000000E+000	1,69106573307099E+002
                      	10488	           5	 7,50000000000000E+000	-5,55000000000000E+000	 7,54685251145015E+000	-4,35147633541929E+001	5,67605983120988E+001	 8,70249905105768E+001	-8,46555387360919E+001	8,70249905105768E+001	 1,62045930847244E+002	 0,00000000000000E+000	1,74026869363399E+002
           Plate\_1\_8	  493	           1	-7,50000000000000E+000	-5,55000000000000E+000	 6,40055637025778E+000	-4,35085738601999E+001	5,67049493887807E+001	-8,78217452651399E+001	-8,78217452651399E+001	8,49817955254087E+001	-1,61121492627447E+002	-1,74341870621914E+002	0,00000000000000E+000
 Element 27-49 (Plate)	  496	           2	-7,50000000000000E+000	-5,66250000000000E+000	 1,23855029236917E+001	-4,38891056849801E+001	5,98076859906394E+001	-8,13242888640652E+001	-8,13242888640652E+001	8,45244902856059E+001	-1,70659093315739E+002	-1,79275946347222E+002	0,00000000000000E+000
                (ERSS)	  495	           3	-7,50000000000000E+000	-5,77500000000000E+000	 1,92480829466326E+001	-4,42604151686202E+001	6,33207182585851E+001	-7,21149570764342E+001	-7,21149570764342E+001	8,71957120323830E+001	-1,79317521347542E+002	-1,84471050815245E+002	0,00000000000000E+000
                      	  494	           4	-7,50000000000000E+000	-5,88750000000000E+000	 2,66973926502741E+001	-4,46222313479922E+001	6,73367310876735E+001	-6,01753163357816E+001	-6,01753163357816E+001	8,80504322050792E+001	-1,86786377089021E+002	-1,89622621024517E+002	0,00000000000000E+000
                      	  881	           5	-7,50000000000000E+000	-6,00000000000000E+000	 3,44425282458101E+001	-4,49742832599681E+001	7,08362633970255E+001	-4,54869330756421E+001	-4,54869330756421E+001	8,91925040988587E+001	-1,92754239616431E+002	-1,94566135252983E+002	0,00000000000000E+000
           Plate\_2\_8	10488	           1	 7,50000000000000E+000	-5,55000000000000E+000	 7,72537867639716E+000	-4,35149605434406E+001	5,66967826282475E+001	 8,61716849374215E+001	-8,46420321853521E+001	8,61716849374215E+001	 1,62045930847244E+002	 0,00000000000000E+000	1,74026869363399E+002
 Element 30-52 (Plate)	10489	           2	 7,50000000000000E+000	-5,66250000000000E+000	 1,48738015591369E+001	-4,38953730828765E+001	5,99313242758039E+001	 7,75175972641715E+001	-8,41558172126200E+001	7,75175972641715E+001	 1,71272761227026E+002	 0,00000000000000E+000	1,80141370259221E+002
                (ERSS)	10490	           3	 7,50000000000000E+000	-5,77500000000000E+000	 2,24441145148753E+001	-4,42665597223586E+001	6,30094261379074E+001	 6,65989619427056E+001	-8,68605936350465E+001	6,65989619427056E+001	 1,79401986202819E+002	 0,00000000000000E+000	1,85458289405881E+002
                      	10491	           4	 7,50000000000000E+000	-5,88750000000000E+000	 3,01452464557557E+001	-4,46282504360401E+001	6,70297100734868E+001	 5,34246538839077E+001	-8,74334003962059E+001	5,34246538839077E+001	 1,86176448549108E+002	 0,00000000000000E+000	1,90011332004985E+002
                      	10492	           5	 7,50000000000000E+000	-6,00000000000000E+000	 3,76861262939218E+001	-4,49801751980742E+001	7,06349787586906E+001	 3,80035479986614E+001	-8,84947299214520E+001	3,80035479986614E+001	 1,91338851943878E+002	 0,00000000000000E+000	1,93785081136870E+002
           Plate\_1\_9	  881	           1	-7,50000000000000E+000	-6,00000000000000E+000	 3,45430454715889E+001	-4,49741640518812E+001	7,16175285529978E+001	-4,23516981987017E+001	-4,23516981987017E+001	9,06136099299145E+001	-1,92754239616431E+002	-1,94566135252983E+002	0,00000000000000E+000
 Element 31-53 (Plate)	  884	           2	-7,50000000000000E+000	-6,25000000000000E+000	 4,94816940030846E+001	-4,57224344709631E+001	7,81716619025902E+001	-1,90706581935510E+001	-1,90706581935510E+001	9,07128614494355E+001	-2,00485677741123E+002	-2,00485677741123E+002	9,69241809480224E-001
                (ERSS)	  883	           3	-7,50000000000000E+000	-6,50000000000000E+000	 6,41041101664986E+001	-4,64222118926873E+001	8,48649980732420E+001	 6,08970411210939E+000	 0,00000000000000E+000	9,11654903357801E+001	-2,02120426142226E+002	-2,02120426142226E+002	2,14194827724298E+000
                      	  882	           4	-7,50000000000000E+000	-6,75000000000000E+000	 7,75319423335467E+001	-4,70728094838430E+001	9,13920616911464E+001	 3,24048417166606E+001	 0,00000000000000E+000	9,13429742331867E+001	-1,97343942493081E+002	-1,97343942493081E+002	3,11818484652518E+000
                      	 1868	           5	-7,50000000000000E+000	-7,00000000000000E+000	 8,88868388759449E+001	-4,76735404112194E+001	9,67887287757033E+001	 5,91502076184836E+001	-3,36036239863793E-007	9,32383652569280E+001	-1,85894787743230E+002	-1,85894787743230E+002	3,59980172654930E+000
           Plate\_2\_9	10492	           1	 7,50000000000000E+000	-6,00000000000000E+000	 3,78097720134286E+001	-4,49800438313970E+001	7,13638599585845E+001	 3,70598622630446E+001	-8,98614993752553E+001	3,70598622630446E+001	 1,91338851943878E+002	 0,00000000000000E+000	1,93785081136870E+002
 Element 34-56 (Plate)	10136	           2	 7,50000000000000E+000	-6,25000000000000E+000	 5,23779758470500E+001	-4,57280404440394E+001	7,84879232877575E+001	 1,55989678702874E+001	-8,93226223579763E+001	1,55989678702874E+001	 1,97972678956106E+002	-9,51888412694989E-001	1,97972678956106E+002
                (ERSS)	10137	           3	 7,50000000000000E+000	-6,50000000000000E+000	 6,66952719418227E+001	-4,64274816223506E+001	8,58387218358267E+001	-8,08757120138109E+000	-9,00412745670602E+001	0,00000000000000E+000	 1,98946841986683E+002	-2,05570999141047E+000	1,98946841986683E+002
                      	10138	           4	 7,50000000000000E+000	-6,75000000000000E+000	 7,99221063897627E+001	-4,70776758036559E+001	9,17411616399180E+001	-3,37220521243251E+001	-9,10258959456482E+001	1,55483985982828E-008	 1,93765717649910E+002	-3,05025263698540E+000	1,93765717649910E+002
                      	10135	           5	 7,50000000000000E+000	-7,00000000000000E+000	 9,12189252828864E+001	-4,76779314252802E+001	9,58539526130850E+001	-6,10267720709089E+001	-9,41821799523498E+001	3,55040693566898E-007	 1,81952825640282E+002	-3,55172558820097E+000	1,81952825640282E+002
          Plate\_1\_10	 1868	           1	-7,50000000000000E+000	-7,00000000000000E+000	 8,81643490481085E+001	-4,76725400159191E+001	9,96811208689658E+001	 5,74365099693359E+001	-5,24511129346721E-007	9,91130139783857E+001	-1,85894787743230E+002	-1,85894787743230E+002	3,59980172654930E+000
 Element 35-57 (Plate)	 1871	           2	-7,50000000000000E+000	-7,38750000000000E+000	 1,06421058414143E+002	-4,85026325706049E+001	1,06718815116202E+002	 9,15491767696113E+001	-5,78035434238984E-001	9,65671265958082E+001	-1,56216451038083E+002	-1,56216451038083E+002	3,93840414435799E+000
                (ERSS)	 1870	           3	-7,50000000000000E+000	-7,77500000000000E+000	 1,16750018485196E+002	-4,92056357155402E+001	1,16750018485196E+002	 1,02125442808448E+002	-1,55960671092945E+000	1,02125442808448E+002	-1,18023315404494E+002	-1,18023315404494E+002	4,71684181953028E+000
                      	 1869	           4	-7,50000000000000E+000	-8,16250000000000E+000	 1,19581002706095E+002	-4,97808414378690E+001	1,19581002706095E+002	 9,09942636602702E+001	-2,18455505232190E+000	9,09942636602702E+001	-7,98533111052118E+001	-7,98533111052118E+001	5,15326289732548E+000
                      	 1888	           5	-7,50000000000000E+000	-8,55000000000000E+000	 1,15343784521667E+002	-5,02275417247352E+001	1,15343784521667E+002	 5,99845948995016E+001	-3,34645157343221E+000	5,99845948995016E+001	-5,00283933556011E+001	-5,00283933556011E+001	4,81712349725052E+000
          Plate\_2\_10	10135	           1	 7,50000000000000E+000	-7,00000000000000E+000	 9,05002414200215E+001	-4,76768213196243E+001	9,86633330176983E+001	-5,99489918532694E+001	-9,91939173177795E+001	5,40391722651652E-007	 1,81952825640282E+002	-3,55172558820098E+000	1,81952825640282E+002
 Element 38-60 (Plate)	10118	           2	 7,50000000000000E+000	-7,38750000000000E+000	 1,08328996031826E+002	-4,85064149407395E+001	1,08596505471093E+002	-9,27838221436927E+001	-9,73753698587005E+001	5,50040907476711E-001	 1,51488204722577E+002	-3,85928683459591E+000	1,51488204722577E+002
                (ERSS)	10119	           3	 7,50000000000000E+000	-7,77500000000000E+000	 1,17770285619989E+002	-4,92087093217485E+001	1,17770285619989E+002	-1,01347461783724E+002	-1,01347461783724E+002	1,50604551275727E+000	 1,13244099257814E+002	-4,63050925316237E+000	1,13244099257814E+002
                      	10120	           4	 7,50000000000000E+000	-8,16250000000000E+000	 1,19825278587582E+002	-4,97829815483178E+001	1,19825278587582E+002	-8,85720336955897E+001	-8,85720336955897E+001	2,12326050031478E+000	 7,56805829384293E+001	-5,06125886751193E+000	7,56805829384293E+001
                      	10285	           5	 7,50000000000000E+000	-8,55000000000000E+000	 1,15495143337681E+002	-5,02285087061141E+001	1,15495143337681E+002	-5,73896608015161E+001	-5,73896608015161E+001	3,21902898703133E+000	 4,69116957846185E+001	-4,73510864442921E+000	4,69116957846185E+001
          Plate\_1\_11	 1888	           1	-7,50000000000000E+000	-8,55000000000000E+000	 1,17269508616524E+002	-5,02277310126488E+001	1,17269508616524E+002	 6,48800293919694E+001	-3,50381271465817E+000	6,48800293919694E+001	-5,00283933556011E+001	-5,00283933556011E+001	4,81712349725056E+000
 Element 40-71 (Plate)	 1891	           2	-7,50000000000000E+000	-8,72500000000000E+000	 1,16448606644791E+002	-5,03876163368462E+001	1,16448606644791E+002	 5,37153928690662E+001	-4,33610541700164E+000	5,37153928690662E+001	-3,96665888489153E+001	-3,96665888489153E+001	4,27102844866605E+000
                (ERSS)	 1890	           3	-7,50000000000000E+000	-8,90000000000000E+000	 1,15524505450205E+002	-5,05215887903526E+001	1,15524505450205E+002	 4,34915208986873E+001	-5,25731913482095E+000	4,34915208986873E+001	-3,11741329281769E+001	-3,11741329281769E+001	3,60289631769160E+000
                      	 1889	           4	-7,50000000000000E+000	-9,07500000000000E+000	 1,14501595262573E+002	-5,06295537132241E+001	1,14501595262573E+002	 3,42466293420517E+001	-6,22088027243007E+000	3,42466293420517E+001	-2,43839621301875E+001	-2,43839621301875E+001	2,71693658263533E+000
                      	 1908	           5	-7,50000000000000E+000	-9,25000000000000E+000	 1,13384266311700E+002	-5,07114164455168E+001	1,13384266311700E+002	 2,60189340603781E+001	-7,11690070369949E+000	2,60189340603781E+001	-1,91275319906966E+001	-1,91275319906966E+001	1,59811594475267E+000
          Plate\_2\_11	10285	           1	 7,50000000000000E+000	-8,55000000000000E+000	 1,17323309642236E+002	-5,02286996129776E+001	1,17323309642236E+002	-6,22093101035725E+001	-6,22093101035725E+001	3,37476065626309E+000	 4,69116957846185E+001	-4,73510864442901E+000	4,69116957846185E+001
 Element 41-72 (Plate)	10286	           2	 7,50000000000000E+000	-8,72500000000000E+000	 1,16447667591736E+002	-5,03879764608778E+001	1,16447667591736E+002	-5,12640451205852E+001	-5,12640451205852E+001	4,21811246606470E+000	 3,69983527244740E+001	-4,20605498843715E+000	3,69983527244740E+001
                (ERSS)	10287	           3	 7,50000000000000E+000	-8,90000000000000E+000	 1,15476278230088E+002	-5,05213121911318E+001	1,15476278230088E+002	-4,12774969992560E+001	-4,12774969992560E+001	5,14042231437400E+000	 2,89142671372564E+001	-3,53878116261400E+000	2,89142671372564E+001
                      	10288	           4	 7,50000000000000E+000	-9,07500000000000E+000	 1,14414091313685E+002	-5,06286143217232E+001	1,14414091313685E+002	-3,22800502351003E+001	-3,22800502351003E+001	6,11272637931587E+000	 2,24902233875520E+001	-2,67036849653002E+000	2,24902233875520E+001
                      	10525	           5	 7,50000000000000E+000	-9,25000000000000E+000	 1,13266056598924E+002	-5,07097903706356E+001	1,13266056598924E+002	-2,43020893236337E+001	-2,43020893236337E+001	7,01651338382762E+000	 1,75559286708500E+001	-1,56902268029040E+000	1,75559286708500E+001
          Plate\_1\_12	 1908	           1	-7,50000000000000E+000	-9,25000000000000E+000	 1,13391359626263E+002	-5,07113707190815E+001	1,13391359626263E+002	 2,60460480243479E+001	-7,11865041480697E+000	2,60460480243479E+001	-1,91275319906966E+001	-1,91275319906966E+001	1,59811594475273E+000
 Element 42-73 (Plate)	 1911	           2	-7,50000000000000E+000	-9,37500000000000E+000	 1,12551520917759E+002	-5,07538149844271E+001	1,12551520917759E+002	 2,08594442981272E+001	-7,72982414089077E+000	2,08594442981272E+001	-1,62024143971224E+001	-1,62024143971224E+001	7,10903663670727E-001
                (ERSS)	 1910	           3	-7,50000000000000E+000	-9,50000000000000E+000	 1,11681623214112E+002	-5,07827307711252E+001	1,11681623214112E+002	 1,62477528767280E+001	-8,34192086000277E+000	1,62477528767280E+001	-1,38889887076840E+001	-1,38889887076840E+001	0,00000000000000E+000
                      	 1909	           4	-7,50000000000000E+000	-9,62500000000000E+000	 1,10783336681004E+002	-5,07980873860254E+001	1,10783336681004E+002	 1,22210120934476E+001	-8,80905622369650E+000	1,22210120934476E+001	-1,21151776000430E+001	-1,21151776000430E+001	0,00000000000000E+000
                      	 2249	           5	-7,50000000000000E+000	-9,75000000000000E+000	 1,09858331484115E+002	-5,07998541359771E+001	1,09858331484115E+002	 8,78926028158385E+000	-9,15359765288989E+000	8,78926028158385E+000	-1,08086979512847E+001	-1,08086979512847E+001	0,00000000000000E+000
          Plate\_2\_12	10525	           1	 7,50000000000000E+000	-9,25000000000000E+000	 1,13273237665146E+002	-5,07097497657683E+001	1,13273237665146E+002	-2,43228112070684E+001	-2,43228112070684E+001	7,01754726148729E+000	 1,75559286708501E+001	-1,56902268029029E+000	1,75559286708501E+001
 Element 43-74 (Plate)	10526	           2	 7,50000000000000E+000	-9,37500000000000E+000	 1,12417114355140E+002	-5,07516992579794E+001	1,12417114355140E+002	-1,92951136661989E+001	-1,92951136661989E+001	7,63315696922719E+000	 1,48361288397007E+001	-6,80145137994751E-001	1,48361288397007E+001
                (ERSS)	10527	           3	 7,50000000000000E+000	-9,50000000000000E+000	 1,11534589937972E+002	-5,07801272020642E+001	1,11534589937972E+002	-1,48313002939485E+001	-1,48313002939485E+001	8,25212934434833E+000	 1,27089180327508E+001	 0,00000000000000E+000	1,27089180327508E+001
                      	10528	           4	 7,50000000000000E+000	-9,62500000000000E+000	 1,10627318057381E+002	-5,07950024691578E+001	1,10627318057381E+002	-1,09409775924217E+001	-1,09409775924217E+001	8,72757713285469E+000	 1,11035642685370E+001	 0,00000000000000E+000	1,11035642685370E+001
                      	10548	           5	 7,50000000000000E+000	-9,75000000000000E+000	 1,09696952357104E+002	-5,07962939303955E+001	1,09696952357104E+002	-7,63375206372286E+000	-7,63375206372286E+000	9,05922460347596E+000	 9,94914040366255E+000	 0,00000000000000E+000	9,94914040366255E+000
          Plate\_1\_13	 2249	           1	-7,50000000000000E+000	-9,75000000000000E+000	 1,09860898149303E+002	-5,07998825479729E+001	1,09860898149303E+002	 8,82278733543492E+000	-9,11827383442766E+000	8,82278733543492E+000	-1,08086979512848E+001	-1,08086979512848E+001	0,00000000000000E+000
 Element 44-75 (Plate)	 2248	           2	-7,50000000000000E+000	-9,81250000000000E+000	 1,09392328651284E+002	-5,07956439640440E+001	1,09392328651284E+002	 7,35386157374984E+000	-9,20636456697703E+000	7,35386157374984E+000	-1,03044488391938E+001	-1,03044488391938E+001	5,62954593507726E-008
                (ERSS)	 2247	           3	-7,50000000000000E+000	-9,87500000000000E+000	 1,08921276057643E+002	-5,07881814690139E+001	1,08921276057643E+002	 6,12274783257678E+000	-9,16783774410531E+000	6,12274783257678E+000	-9,88458592841350E+000	-9,88458592841350E+000	2,11044329838695E-007
                      	 2246	           4	-7,50000000000000E+000	-9,93750000000000E+000	 1,08448459973797E+002	-5,07775257312205E+001	1,08448459973797E+002	 5,14296826784783E+000	-8,99314886994908E+000	5,14296826784783E+000	-9,53369517132543E+000	-9,53369517132543E+000	3,50992976197873E-007
                      	 2270	           5	-7,50000000000000E+000	-1,00000000000000E+001	 1,07974600005162E+002	-5,07637074190015E+001	1,07974600005162E+002	 4,42804503549507E+000	-8,68202075640084E+000	4,42804503549507E+000	-9,23612753759064E+000	-9,23612753759064E+000	4,72108762623114E-007
          Plate\_2\_13	10548	           1	 7,50000000000000E+000	-9,75000000000000E+000	 1,09699597265509E+002	-5,07963154971048E+001	1,09699597265509E+002	-7,66587732082632E+000	-7,66587732082632E+000	9,02473137500014E+000	 9,94914040366248E+000	 0,00000000000000E+000	9,94914040366248E+000
 Element 45-76 (Plate)	10544	           2	 7,50000000000000E+000	-9,81250000000000E+000	 1,09229394766796E+002	-5,07918056591944E+001	1,09229394766796E+002	-6,25880594304653E+000	-6,25880594304653E+000	9,11499581790560E+000	 9,51522532391846E+000	-9,27154991722629E-008	9,51522532391846E+000
                (ERSS)	10545	           3	 7,50000000000000E+000	-9,87500000000000E+000	 1,08757414402578E+002	-5,07840814438118E+001	1,08757414402578E+002	-5,08402580585918E+000	-5,08402580585918E+000	9,08067647684970E+000	 9,16202104071916E+000	-2,48518375924131E-007	9,16202104071916E+000
                      	10546	           4	 7,50000000000000E+000	-9,93750000000000E+000	 1,08284401800490E+002	-5,07731782856305E+001	1,08284401800490E+002	-4,15419511504060E+000	-4,15419511504060E+000	8,91282529367394E+000	 8,87447486019326E+000	-3,89418135583888E-007	8,87447486019326E+000
                      	10547	           5	 7,50000000000000E+000	-1,00000000000000E+001	 1,07811102588166E+002	-5,07591316193241E+001	1,07811102588166E+002	-3,48197207636712E+000	-3,48197207636712E+000	8,60249421021982E+000	 8,63731447673242E+000	-5,11446390140980E-007	8,63731447673242E+000
          Plate\_1\_14	 2270	           1	-7,50000000000000E+000	-1,00000000000000E+001	 1,07974583361516E+002	-5,07634344144461E+001	1,07974583361516E+002	 4,46867102493117E+000	-8,64540952542751E+000	4,46867102493117E+000	-9,23612753759059E+000	-9,23612753759059E+000	4,72108746906340E-007
 Element 46-77 (Plate)	 2273	           2	-7,50000000000000E+000	-1,00625000000000E+001	 1,07251881127427E+002	-5,06555348254962E+001	1,07251881127427E+002	 5,33286359145391E+000	-6,53321009557532E+000	5,33286359145391E+000	-8,92866335697988E+000	-8,92866335697988E+000	5,62084935193748E-007
                (ERSS)	 2272	           3	-7,50000000000000E+000	-1,01250000000000E+001	 1,06527048649561E+002	-5,05467726315083E+001	1,06527048649561E+002	 5,96959409320409E+000	-4,72577745453583E+000	5,96959409320409E+000	-8,57428399011598E+000	-8,57428399011598E+000	6,17274029387363E-007
                      	 2271	           4	-7,50000000000000E+000	-1,01875000000000E+001	 1,05800405407894E+002	-5,04371007968078E+001	1,05800405407894E+002	 6,38992869524895E+000	-3,20475888664735E+000	6,38992869524895E+000	-8,18679746493036E+000	-8,18679746493036E+000	6,43653234948538E-007
                      	 3220	           5	-7,50000000000000E+000	-1,02500000000000E+001	 1,05072270882403E+002	-5,03264722857198E+001	1,05072270882403E+002	 6,60493356265577E+000	-1,95969919936531E+000	6,60493356265577E+000	-7,77979019854486E+000	-7,77979019854486E+000	6,47111919054171E-007
          Plate\_2\_14	10547	           1	 7,50000000000000E+000	-1,00000000000000E+001	 1,07810804956821E+002	-5,07588674428973E+001	1,07810804956821E+002	-3,52902752850499E+000	-3,52902752850499E+000	8,56172232423089E+000	 8,63731447673241E+000	-5,11446369334215E-007	8,63731447673241E+000
 Element 47-78 (Plate)	10330	           2	 7,50000000000000E+000	-1,00625000000000E+001	 1,07089480715737E+002	-5,06505281970099E+001	1,07089480715737E+002	-4,46554087064545E+000	-4,46554087064545E+000	6,46653389279308E+000	 8,38628044491064E+000	-6,01957806521380E-007	8,38628044491064E+000
                (ERSS)	10331	           3	 7,50000000000000E+000	-1,01250000000000E+001	 1,06366744601024E+002	-5,05413313190153E+001	1,06366744601024E+002	-5,17000825619821E+000	-5,17000825619821E+000	4,66793181921229E+000	 8,08398109011599E+000	-6,57343943128145E-007	8,08398109011599E+000
                      	10332	           4	 7,50000000000000E+000	-1,01875000000000E+001	 1,05642901613245E+002	-5,04312302399391E+001	1,05642901613245E+002	-5,65371908577079E+000	-5,65371908577079E+000	3,15532946666260E+000	 7,74447667947897E+000	-6,83631953612844E-007	7,74447667947897E+000
                      	10643	           5	 7,50000000000000E+000	-1,02500000000000E+001	 1,04918256752962E+002	-5,03201783908070E+001	1,04918256752962E+002	-5,92796275997070E+000	-5,92796275997070E+000	1,91814019831813E+000	 7,38160027627728E+000	-6,86759466895686E-007	7,38160027627728E+000
          Plate\_1\_15	 3220	           1	-7,50000000000000E+000	-1,02500000000000E+001	 1,05071890723488E+002	-5,03260448249191E+001	1,05071890723488E+002	 6,65268687720577E+000	-1,90870914692190E+000	6,65268687720577E+000	-7,77979019854485E+000	-7,77979019854485E+000	6,47111922285002E-007
 Element 48-79 (Plate)	 3223	           2	-7,50000000000000E+000	-1,03471228822834E+001	 1,03934635139436E+002	-5,01512108746946E+001	1,03934635139436E+002	 6,76035133754790E+000	-3,50243613783614E-001	6,76035133754790E+000	-7,12717464450663E+000	-7,12717464450663E+000	6,16365864602968E-007
                (ERSS)	 3222	           3	-7,50000000000000E+000	-1,04442457645668E+001	 1,02791565930791E+002	-4,99719735546884E+001	1,02791565930791E+002	 6,70827489643003E+000	-7,87330803958132E-007	6,70827489643003E+000	-6,47187254205624E+000	-6,47187254205624E+000	5,53129024803450E-007
                      	 3221	           4	-7,50000000000000E+000	-1,05413686468502E+001	 1,01643647909098E+002	-4,97883702884822E+001	1,01643647909098E+002	 6,51065448262169E+000	-9,84013952838256E-007	6,51065448262169E+000	-5,82852886009759E+000	-5,92242783765367E+000	4,66328763956901E-007
                      	 3366	           5	-7,50000000000000E+000	-1,06384915291337E+001	 1,00491845885900E+002	-4,96004384996574E+001	1,00491845885900E+002	 6,18168702489237E+000	-1,09553315312236E-006	6,18168702489237E+000	-5,21137227738751E+000	-5,71124974910295E+000	3,64721626271801E-007
          Plate\_1\_15	 3366	           1	-7,50000000000000E+000	-1,06384915291337E+001	 1,00492038310773E+002	-4,96000280319705E+001	1,00492038310773E+002	 6,20799225558317E+000	-1,10766816951723E-006	6,20799225558317E+000	-5,21137227738748E+000	-5,71124974910302E+000	3,64721617660164E-007
 Element 48-80 (Plate)	 3369	           2	-7,50000000000000E+000	-1,07419313894903E+001	 9,92617804994211E+001	-4,93942175160037E+001	9,92617804994211E+001	 5,80365056422404E+000	-1,17069004029311E-006	5,80365056422404E+000	-4,59000053809394E+000	-5,42588919687250E+000	2,46547241159323E-007
                (ERSS)	 3368	           3	-7,50000000000000E+000	-1,08453712498470E+001	 9,80289244945641E+001	-4,91817544536956E+001	9,80289244945641E+001	 5,37335405814597E+000	-1,19398043909448E-006	5,37335405814597E+000	-4,01165502950724E+000	-5,09917678822553E+000	1,23914317435005E-007
                      	 3367	           4	-7,50000000000000E+000	-1,09488111102037E+001	 9,67945388651228E+001	-4,89627147574888E+001	9,67945388651228E+001	 4,92217439147389E+000	-1,18018548375256E-006	4,92217439147389E+000	-3,47882530552234E+000	-4,74623603379687E+000	7,57834421588063E-010
                      	 4246	           5	-7,50000000000000E+000	-1,10522509705603E+001	 9,55596921800182E+001	-4,87371743398263E+001	9,55596921800182E+001	 4,45518321833270E+000	-1,13195129209857E-006	4,45518321833270E+000	-2,99385594044920E+000	-4,38191937121657E+000	0,00000000000000E+000
          Plate\_1\_15	 4246	           1	-7,50000000000000E+000	-1,10522509705603E+001	 9,55597678198610E+001	-4,87367710592088E+001	9,55597678198610E+001	 4,46369467711892E+000	-1,13778471946241E-006	4,46369467711892E+000	-2,99385594044922E+000	-4,38191937121666E+000	0,00000000000000E+000
 Element 48-81 (Plate)	 4247	           2	-7,50000000000000E+000	-1,11624186721261E+001	 9,42450231808055E+001	-4,84885971871984E+001	9,42450231808055E+001	 3,97991060780269E+000	-1,06673784883847E-006	3,97991060780269E+000	-2,52904412747622E+000	-3,99200940833237E+000	0,00000000000000E+000
                (ERSS)	 4248	           3	-7,50000000000000E+000	-1,12725863736919E+001	 9,29310617221569E+001	-4,82313808316093E+001	9,29310617221569E+001	 3,51895545508588E+000	-9,84522831691496E-007	3,51895545508588E+000	-2,11613060583801E+000	-3,60975402547035E+000	0,00000000000000E+000
                      	 4249	           4	-7,50000000000000E+000	-1,13827540752577E+001	 9,16189588170024E+001	-4,79652311481570E+001	9,16189588170024E+001	 3,08250331356727E+000	-8,92514570339153E-007	3,26298986941193E+000	-1,75261513940142E+000	-3,24139925603141E+000	0,00000000000000E+000
                      	 4288	           5	-7,50000000000000E+000	-1,14929217768235E+001	 9,03097898384293E+001	-4,76902572925567E+001	9,03097898384293E+001	 2,67222827784566E+000	-7,92087967099120E-007	3,05879706969089E+000	-1,43595745290293E+000	-2,89303512074356E+000	0,00000000000000E+000
          Plate\_1\_15	 4288	           1	-7,50000000000000E+000	-1,14929217768235E+001	 9,03094789465415E+001	-4,76898244448246E+001	9,03094789465415E+001	 2,67360591432258E+000	-7,94687712705919E-007	3,06883504088932E+000	-1,43595745290294E+000	-2,89303512074354E+000	0,00000000000000E+000
 Element 48-82 (Plate)	 4289	           2	-7,50000000000000E+000	-1,16102549057202E+001	 8,89186061015506E+001	-4,73864331001280E+001	8,89186061015506E+001	 2,27370894448250E+000	-6,87380745092450E-007	2,82897960095541E+000	-1,14613376161091E+000	-2,54713696309420E+000	0,00000000000000E+000
                (ERSS)	 4290	           3	-7,50000000000000E+000	-1,17275880346170E+001	 8,75306447270181E+001	-4,70712726116873E+001	8,75306447270181E+001	 1,91041604195482E+000	-5,83208735999295E-007	2,58150958806970E+000	-9,00978383820568E-001	-2,22966341774291E+000	0,00000000000000E+000
                      	 4291	           4	-7,50000000000000E+000	-1,18449211635137E+001	 8,61466046780270E+001	-4,67444896847617E+001	8,61466046780270E+001	 1,58379863256091E+000	-4,82777959859185E-007	2,32950879716136E+000	-6,96286324966518E-001	-1,94140859921374E+000	0,00000000000000E+000
                      	 5306	           5	-7,50000000000000E+000	-1,19622542924104E+001	 8,47674958096600E+001	-4,64062310246102E+001	8,47674958096600E+001	 1,29392814212213E+000	-3,86694691104851E-007	2,07473213569721E+000	-5,27863278748930E-001	-1,68308807114480E+000	0,00000000000000E+000
          Plate\_1\_15	 5306	           1	-7,50000000000000E+000	-1,19622542924104E+001	 8,47666804186110E+001	-4,64057360729653E+001	8,47666804186110E+001	 1,29228118527215E+000	-3,87424792118680E-007	2,07861470085519E+000	-5,27863278748918E-001	-1,68308807114496E+000	0,00000000000000E+000
 Element 48-83 (Plate)	 5307	           2	-7,50000000000000E+000	-1,20872188958380E+001	 8,33024591927906E+001	-4,60319511798237E+001	8,33024591927906E+001	 1,02198371958951E+000	-2,93144765098227E-007	1,81881089690160E+000	-3,83651079430066E-001	-1,44047685370494E+000	0,00000000000000E+000
                (ERSS)	 5308	           3	-7,50000000000000E+000	-1,22121834992655E+001	 8,18411694614380E+001	-4,56431569011294E+001	8,18411694614380E+001	 7,85546263124190E-001	-2,07447373632377E-007	1,57506189829114E+000	-2,71035098181729E-001	-1,23197320203038E+000	0,00000000000000E+000
                      	 5309	           4	-7,50000000000000E+000	-1,23371481026931E+001	 8,03837421187493E+001	-4,52395411751500E+001	8,03837421187493E+001	 5,82343949693551E-001	-1,30441690259123E-007	1,34816696698671E+000	-1,85891090565830E-001	-1,05222045350458E+000	0,00000000000000E+000
                      	 5336	           5	-7,50000000000000E+000	-1,24621127061207E+001	 7,89311080589205E+001	-4,48212919401532E+001	7,89311080589205E+001	 4,11751913114949E-001	-6,22367875164637E-008	1,13892536495122E+000	-1,24127599548890E-001	-8,99205619810611E-001	0,00000000000000E+000
          Plate\_1\_15	 5336	           1	-7,50000000000000E+000	-1,24621127061207E+001	 7,89297543591736E+001	-4,48206898532977E+001	7,89297543591736E+001	 4,09133546602959E-001	-6,19963142533444E-008	1,13924306263225E+000	-1,24127599548874E-001	-8,99205619810383E-001	0,00000000000000E+000
 Element 48-84 (Plate)	 5337	           2	-7,50000000000000E+000	-1,25952051434966E+001	 7,73858916377118E+001	-4,43580812596127E+001	7,73858916377118E+001	 2,57422322891823E-001	 0,00000000000000E+000	9,39400721003868E-001	-8,00610485027838E-002	-7,62804936539299E-001	0,00000000000000E+000
                (ERSS)	 5338	           3	-7,50000000000000E+000	-1,27282975808726E+001	 7,58424012246612E+001	-4,38764585947499E+001	7,58424012246612E+001	 1,30426839970796E-001	 0,00000000000000E+000	7,61477393124694E-001	-5,45094480283466E-002	-6,50883309812764E-001	0,00000000000000E+000
                      	 5339	           4	-7,50000000000000E+000	-1,28613900182485E+001	 7,43001423716279E+001	-4,33760521027196E+001	7,43001423716279E+001	 2,74075466166382E-002	 0,00000000000000E+000	6,05386359445892E-001	-4,42722620073521E-002	-5,60640013006967E-001	0,00000000000000E+000
                      	 6508	           5	-7,50000000000000E+000	-1,29944824556244E+001	 7,27599743302179E+001	-4,28570920275321E+001	7,27599743302179E+001	-5,23751083938891E-002	-5,23751083938891E-002	4,72540457506122E-001	-4,61839623594832E-002	-4,89285378790713E-001	0,00000000000000E+000
          Plate\_1\_15	 6508	           1	-7,50000000000000E+000	-1,29944824556244E+001	 7,27580736383561E+001	-4,28563158711056E+001	7,27580736383561E+001	-5,45780818277618E-002	-5,45780818277618E-002	4,71351046595271E-001	-4,61839623595195E-002	-4,89285378790707E-001	0,00000000000000E+000
 Element 48-85 (Plate)	 6509	           2	-7,50000000000000E+000	-1,31362313701235E+001	 7,11168008120639E+001	-4,22818695763753E+001	7,11168008120639E+001	-1,20118755649862E-001	-1,20118755649862E-001	3,53098301394316E-001	-5,87544787103107E-002	-4,32181693241347E-001	0,00000000000000E+000
                (ERSS)	 6510	           3	-7,50000000000000E+000	-1,32779802846226E+001	 6,94704144366808E+001	-4,16832550872628E+001	6,94704144366808E+001	-1,69922796133171E-001	-1,69922796133171E-001	2,53298637316817E-001	-7,94915216437913E-002	-3,90341607657176E-001	0,00000000000000E+000
                      	 6511	           4	-7,50000000000000E+000	-1,34197291991216E+001	 6,78197096639441E+001	-4,10607456971221E+001	6,78197096639441E+001	-2,04578241516019E-001	-2,04578241516019E-001	1,71717548084995E-001	-1,06222975083332E-001	-3,60701542740794E-001	0,00000000000000E+000
                      	 6532	           5	-7,50000000000000E+000	-1,35614781136207E+001	 6,61654816455915E+001	-4,04146146993072E+001	6,61654816455915E+001	-2,24673130036738E-001	-2,24673130036738E-001	1,10811396658584E-001	-1,36804086795994E-001	-3,40874407339618E-001	0,00000000000000E+000
          Plate\_1\_15	 6532	           1	-7,50000000000000E+000	-1,35614781136207E+001	 6,61630085841561E+001	-4,04135613580320E+001	6,61630085841561E+001	-2,25816742056617E-001	-2,25816742056617E-001	1,09642356321689E-001	-1,36804086795967E-001	-3,40874407339654E-001	0,00000000000000E+000
 Element 48-86 (Plate)	 6533	           2	-7,50000000000000E+000	-1,37124465319458E+001	 6,43929019737318E+001	-3,96976560044962E+001	6,43929019737318E+001	-2,35372199311047E-001	-2,35372199311047E-001	6,04640232579820E-002	-1,71745929320477E-001	-3,28261163175331E-001	0,00000000000000E+000
                (ERSS)	 6534	           3	-7,50000000000000E+000	-1,38634149502708E+001	 6,26087911093384E+001	-3,89506803997734E+001	6,26087911093384E+001	-2,34225605332498E-001	-2,34225605332498E-001	2,65677148193713E-002	-2,07331036213114E-001	-3,22192580870759E-001	0,00000000000000E+000
                      	 6535	           4	-7,50000000000000E+000	-1,40143833685958E+001	 6,08114294523768E+001	-3,81729419971396E+001	6,08114294523768E+001	-2,22606126240539E-001	-2,22606126240539E-001	8,77995676849865E-003	-2,41956870521593E-001	-3,21735376401859E-001	0,00000000000000E+000
                      	 7778	           5	-7,50000000000000E+000	-1,41653517869209E+001	 5,90015704642480E+001	-3,73647482498708E+001	5,90015704642480E+001	-2,00742928154739E-001	-2,00742928154739E-001	1,00686661475276E-003	-2,74031124751212E-001	-3,26794352035111E-001	0,00000000000000E+000
          Plate\_1\_15	 7778	           1	-7,50000000000000E+000	-1,41653517869209E+001	 5,89984153278279E+001	-3,73632483227723E+001	5,89984153278279E+001	-2,00725622051681E-001	-2,00725622051681E-001	7,42187035851587E-004	-2,74031124751212E-001	-3,26794352035147E-001	0,00000000000000E+000
 Element 48-87 (Plate)	 7779	           2	-7,50000000000000E+000	-1,43261393556448E+001	 5,70513857089436E+001	-3,64665058769475E+001	5,70513857089436E+001	-1,67397718295621E-001	-1,67397718295621E-001	1,80627114058840E-007	-3,03771878970573E-001	-3,37494739090849E-001	0,00000000000000E+000
                (ERSS)	 7780	           3	-7,50000000000000E+000	-1,44869269243687E+001	 5,50772052110243E+001	-3,55290502510412E+001	5,50772052110243E+001	-1,22561222159941E-001	-1,22561222159941E-001	3,01989209872304E-004	-3,27244150225060E-001	-3,46415986829145E-001	0,00000000000000E+000
                      	 7781	           4	-7,50000000000000E+000	-1,46477144930926E+001	 5,30765831135136E+001	-3,45512014378458E+001	5,30765831135136E+001	-6,60641458096224E-002	-6,60641458096224E-002	1,70238404554743E-002	-3,42569006873668E-001	-3,50857694112402E-001	0,00000000000000E+000
                      	 9023	           5	-7,50000000000000E+000	-1,48085020618166E+001	 5,10502286958548E+001	-3,35332794301540E+001	5,10502286958548E+001	 2,24549859035478E-003	-2,09815174415784E-002	4,96479087540984E-002	-3,47857403496281E-001	-3,48288809579861E-001	0,00000000000000E+000
          Plate\_1\_15	 9023	           1	-7,50000000000000E+000	-1,48085020618166E+001	 5,10461070718427E+001	-3,35310362201981E+001	5,10461070718427E+001	 2,57385273747834E-003	-2,07490190438490E-002	4,95457069659770E-002	-3,47857403496273E-001	-3,48288809579915E-001	0,00000000000000E+000
 Element 48-88 (Plate)	 9024	           2	-7,50000000000000E+000	-1,49797474291787E+001	 4,88523107343088E+001	-3,23991598637693E+001	4,88523107343088E+001	 9,00901590178760E-002	-1,61033057969543E-002	1,11528586920719E-001	-3,40149048842901E-001	-3,40149048842901E-001	0,00000000000000E+000
                (ERSS)	 9025	           3	-7,50000000000000E+000	-1,51509927965408E+001	 4,66121829310722E+001	-3,12124734149701E+001	4,66121829310722E+001	 1,92962319814949E-001	-8,98894644366638E-003	1,96376163526738E-001	-3,16117734746089E-001	-3,16117734746089E-001	0,00000000000000E+000
                      	 9026	           4	-7,50000000000000E+000	-1,53222381639029E+001	 4,43263433916747E+001	-2,99712575684727E+001	4,43263433916747E+001	 3,10989469086977E-001	-5,56355567652187E-008	3,10989469086977E-001	-2,73181360278840E-001	-2,73181360278840E-001	0,00000000000000E+000
                      	 9149	           5	-7,50000000000000E+000	-1,54934835312651E+001	 4,19954118456581E+001	-2,86757930189494E+001	4,19954118456581E+001	 4,43970740792242E-001	-1,11301736244680E-007	4,43970740792242E-001	-2,08762120141991E-001	-2,10626321500320E-001	0,00000000000000E+000
          Plate\_1\_15	 9149	           1	-7,50000000000000E+000	-1,54934835312651E+001	 4,19896691032653E+001	-2,86722611463190E+001	4,19896691032653E+001	 4,38345875583135E-001	-1,06995716334228E-007	4,38345875583135E-001	-2,08762120141985E-001	-2,10626321500418E-001	0,00000000000000E+000
 Element 48-89 (Plate)	 9150	           2	-7,50000000000000E+000	-1,56758668838820E+001	 3,94476438394534E+001	-2,72271324385151E+001	3,94476438394534E+001	 5,97891322396356E-001	-1,68218012112321E-007	5,97891322396356E-001	-1,14267685860280E-001	-1,85242395192638E-001	0,00000000000000E+000
                (ERSS)	 9151	           3	-7,50000000000000E+000	-1,58582502364989E+001	 3,68302944585433E+001	-2,57055093476192E+001	3,68302944585433E+001	 7,50748462739588E-001	-2,14169651871436E-007	7,50748462739588E-001	 8,98369397716233E-003	-1,65463877616442E-001	8,98369397716233E-003
                      	 9152	           4	-7,50000000000000E+000	-1,60406335891158E+001	 3,41379804835622E+001	-2,41074973831950E+001	3,41379804835622E+001	 8,91937389759128E-001	-2,41793249887691E-007	8,91937389759128E-001	 1,58934664924627E-001	-1,53752081197307E-001	1,58934664924627E-001
                      	 9365	           5	-7,50000000000000E+000	-1,62230169417327E+001	 3,13710614375369E+001	-2,24332020548061E+001	3,13710614375369E+001	 1,01647819660128E+000	-2,48031420437202E-007	1,01647819660128E+000	 3,33259820426764E-001	-1,36897834943487E-001	3,33259820426764E-001
          Plate\_1\_15	 9365	           1	-7,50000000000000E+000	-1,62230169417327E+001	 3,13623657838022E+001	-2,24273391596013E+001	3,13623657838022E+001	 9,56690681815426E-001	-2,16550875922253E-007	9,56690681815426E-001	 3,33259820426768E-001	-1,36897834943581E-001	3,33259820426768E-001
 Element 48-90 (Plate)	 9366	           2	-7,50000000000000E+000	-1,64172627062995E+001	 2,83177097388759E+001	-2,05510111577930E+001	2,83177097388759E+001	 1,06945784080992E+000	-1,95190931505034E-007	1,06945784080992E+000	 5,33451224442705E-001	-1,12672193299299E-001	5,33451224442705E-001
                (ERSS)	 9367	           3	-7,50000000000000E+000	-1,66115084708664E+001	 2,51499757489762E+001	-1,85629581320382E+001	2,51499757489762E+001	 9,05377330691043E-001	-1,49457581127875E-008	9,05377330691043E-001	 7,31482398381238E-001	-8,09337923642802E-002	7,31482398381238E-001
                      	 9368	           4	-7,50000000000000E+000	-1,68057542354332E+001	 2,18580100851331E+001	-1,64622065463158E+001	2,18580100851331E+001	 4,02826544798853E-001	 0,00000000000000E+000	4,02826544798853E-001	 8,63360254381554E-001	-4,35143219807629E-002	8,63360254381554E-001
                      	10663	           5	-7,50000000000000E+000	-1,70000000000000E+001	 1,84406590183767E+001	-1,42477828646046E+001	1,84406590183767E+001	-4,99817123526582E-001	-4,99817123526582E-001	2,14708744679297E-001	 8,61422216726036E-001	-2,50780283583856E-003	8,61422216726036E-001
          Plate\_2\_15	10643	           1	 7,50000000000000E+000	-1,02500000000000E+001	 1,04917767380100E+002	-5,03197530189167E+001	1,04917767380100E+002	-5,97552747419801E+000	-5,97552747419801E+000	1,86771222416923E+000	 7,38160027627729E+000	-6,86759483365794E-007	7,38160027627729E+000
 Element 49-91 (Plate)	10644	           2	 7,50000000000000E+000	-1,03471228822834E+001	 1,03787391569504E+002	-5,01442369965342E+001	1,03787391569504E+002	-6,16760768770024E+000	-6,16760768770024E+000	3,20572184668160E-001	 6,79056906032208E+000	-6,55133976219645E-007	6,79056906032208E+000
                (ERSS)	10645	           3	 7,50000000000000E+000	-1,04442457645668E+001	 1,02652462369636E+002	-4,99643190254288E+001	1,02652462369636E+002	-6,19143981218252E+000	-6,19143981218252E+000	8,01560593753490E-007	 6,18909469247651E+000	-5,90660831068488E-007	6,18909469247651E+000
                      	10646	           4	 7,50000000000000E+000	-1,05413686468502E+001	 1,01513930450579E+002	-4,97800309630051E+001	1,01513930450579E+002	-6,06145203313787E+000	-6,06145203313787E+000	1,00043467253869E-006	 5,59260728693788E+000	-5,02363423510025E-007	5,87456446961162E+000
                      	11411	           5	 7,50000000000000E+000	-1,06384915291337E+001	 1,00372746482418E+002	-4,95914046666676E+001	1,00372746482418E+002	-5,79207253605929E+000	-5,79207253605929E+000	1,11328623782001E-006	 5,01611154145094E+000	-3,99091072377024E-007	5,66324214352159E+000
          Plate\_2\_15	11411	           1	 7,50000000000000E+000	-1,06384915291337E+001	 1,00372811656004E+002	-4,95909940214978E+001	1,00372811656004E+002	-5,81860264823510E+000	-5,81860264823510E+000	1,12535423173392E-006	 5,01611154145092E+000	-3,99091052177967E-007	5,66324214352170E+000
 Element 49-92 (Plate)	11412	           2	 7,50000000000000E+000	-1,07419313894903E+001	 9,91549913999102E+001	-4,93844260421325E+001	9,91549913999102E+001	-5,47040843131333E+000	-5,47040843131333E+000	1,18928144579499E-006	 4,43204656102125E+000	-2,79035613243681E-007	5,37844564552998E+000
                (ERSS)	11413	           3	 7,50000000000000E+000	-1,08453712498470E+001	 9,79353785467238E+001	-4,91711960801708E+001	9,79353785467238E+001	-5,08958855551476E+000	-5,08958855551476E+000	1,21295010101567E-006	 3,88556509713824E+000	-1,54456191100176E-007	5,05289456662844E+000
                      	11414	           4	 7,50000000000000E+000	-1,09488111102037E+001	 9,67150177308077E+001	-4,89513771029461E+001	9,67150177308077E+001	-4,68147478215585E+000	-4,68147478215585E+000	1,19908524823727E-006	 3,37981114665854E+000	-2,93362957521871E-008	4,70162366602600E+000
                      	11635	           5	 7,50000000000000E+000	-1,10522509705603E+001	 9,54949535865247E+001	-4,87250420777920E+001	9,54949535865247E+001	-4,25139887255308E+000	-4,25139887255308E+000	1,15041193830108E-006	 2,91777396037597E+000	 0,00000000000000E+000	4,33939179994610E+000
          Plate\_2\_15	11635	           1	 7,50000000000000E+000	-1,10522509705603E+001	 9,54949210726726E+001	-4,87246367091543E+001	9,54949210726726E+001	-4,26037562707784E+000	-4,26037562707784E+000	1,15627636136153E-006	 2,91777396037592E+000	 0,00000000000000E+000	4,33939179994624E+000
 Element 49-93 (Plate)	11636	           2	 7,50000000000000E+000	-1,11624186721261E+001	 9,41964325260970E+001	-4,84756030793301E+001	9,41964325260970E+001	-3,81047486312565E+000	-3,81047486312565E+000	1,08452326850440E-006	 2,47344805818333E+000	 0,00000000000000E+000	3,95205702119301E+000
                (ERSS)	11637	           3	 7,50000000000000E+000	-1,12725863736919E+001	 9,28990464692172E+001	-4,82175054467050E+001	9,28990464692172E+001	-3,37890376733125E+000	-3,38886093057864E+000	1,00145540335050E-006	 2,07754627115141E+000	 0,00000000000000E+000	3,57263707159163E+000
                      	11638	           4	 7,50000000000000E+000	-1,13827540752577E+001	 9,16037894600524E+001	-4,79504544591296E+001	9,16037894600524E+001	-2,96747251845252E+000	-3,23310182930118E+000	9,08462833803407E-007	 1,72804468719809E+000	 0,00000000000000E+000	3,20729286156091E+000
                      	11665	           5	 7,50000000000000E+000	-1,14929217768235E+001	 9,03116880566220E+001	-4,76745607644545E+001	9,03116880566220E+001	-2,57799129524730E+000	-3,02899636639239E+000	8,06935627766713E-007	 1,42287380517812E+000	 0,00000000000000E+000	2,86203073317429E+000
          Plate\_2\_15	11665	           1	 7,50000000000000E+000	-1,14929217768235E+001	 9,03112822974632E+001	-4,76741257704678E+001	9,03112822974632E+001	-2,57981514279773E+000	-3,03904515011346E+000	8,09598847847880E-007	 1,42287380517810E+000	 0,00000000000000E+000	2,86203073317400E+000
 Element 49-94 (Plate)	11666	           2	 7,50000000000000E+000	-1,16102549057202E+001	 8,89385809014159E+001	-4,73697312570010E+001	8,89385809014159E+001	-2,19852626996213E+000	-2,79998369019930E+000	7,01066319949257E-007	 1,14293298284571E+000	 0,00000000000000E+000	2,51945727403625E+000
                (ERSS)	11667	           3	 7,50000000000000E+000	-1,17275880346170E+001	 8,75685964859971E+001	-4,70535397309327E+001	8,75685964859971E+001	-1,85105510388939E+000	-2,55378178213279E+000	5,95710731426149E-007	 9,05646547739851E-001	 0,00000000000000E+000	2,20527401080650E+000
                      	11668	           4	 7,50000000000000E+000	-1,18449211635137E+001	 8,62023021147208E+001	-4,67256989257514E+001	8,62023021147208E+001	-1,53756921108846E+000	-2,30277538782366E+000	4,94119676981531E-007	 7,07123935433264E-001	 0,00000000000000E+000	1,92022016732296E+000
                      	12519	           5	 7,50000000000000E+000	-1,19622542924104E+001	 8,48406708511014E+001	-4,63863565749456E+001	8,48406708511014E+001	-1,25823615806830E+000	-2,04930046918166E+000	3,96880751318378E-007	 5,43481275846946E-001	 0,00000000000000E+000	1,66714197121046E+000
          Plate\_2\_15	12519	           1	 7,50000000000000E+000	-1,19622542924104E+001	 8,48397873477049E+001	-4,63858595979131E+001	8,48397873477049E+001	-1,25682960227493E+000	-2,05315534669678E+000	3,97635733182233E-007	 5,43481275846920E-001	 0,00000000000000E+000	1,66714197121060E+000
 Element 49-95 (Plate)	12520	           2	 7,50000000000000E+000	-1,20872188958380E+001	 8,33937052451454E+001	-4,60108870710752E+001	8,33937052451454E+001	-9,95686846517324E-001	-1,79505199614623E+000	3,02213545087526E-007	 4,03108977660648E-001	 0,00000000000000E+000	1,43082379617440E+000
                (ERSS)	12521	           3	 7,50000000000000E+000	-1,22121834992655E+001	 8,19499300799113E+001	-4,56208681141589E+001	8,19499300799113E+001	-7,66799868792903E-001	-1,55309039015480E+000	2,15449438731187E-007	 2,93292502426777E-001	 0,00000000000000E+000	1,22496749825473E+000
                      	12522	           4	 7,50000000000000E+000	-1,23371481026931E+001	 8,05093664302307E+001	-4,52159908120116E+001	8,05093664302307E+001	-5,69621624034967E-001	-1,32806315835557E+000	1,37455927985724E-007	 2,10098891269657E-001	 0,00000000000000E+000	1,04758248603246E+000
                      	12720	           5	 7,50000000000000E+000	-1,24621127061207E+001	 7,90729188743314E+001	-4,47964432494810E+001	7,90729188743314E+001	-4,03605067176816E-001	-1,12076293038161E+000	6,83455267236437E-008	 1,49624731173583E-001	 0,00000000000000E+000	8,96658853451166E-001
          Plate\_2\_15	12720	           1	 7,50000000000000E+000	-1,24621127061207E+001	 7,90715260287661E+001	-4,47958381827983E+001	7,90715260287661E+001	-4,01229594737551E-001	-1,12108711150704E+000	6,81127279189101E-008	 1,49624731173584E-001	 0,00000000000000E+000	8,96658853451137E-001
 Element 49-96 (Plate)	12721	           2	 7,50000000000000E+000	-1,25952051434966E+001	 7,75440260431322E+001	-4,43318051463633E+001	7,75440260431322E+001	-2,53303689610041E-001	-9,23292641296844E-001	4,39675048128907E-009	 1,06349702768850E-001	 0,00000000000000E+000	7,62190004572754E-001
                (ERSS)	12722	           3	 7,50000000000000E+000	-1,27282975808726E+001	 7,60159397925166E+001	-4,38487057570023E+001	7,60159397925166E+001	-1,29361114198995E-001	-7,47361297462034E-001	0,00000000000000E+000	 8,11354429258188E-002	 0,00000000000000E+000	6,51914630840205E-001
                      	12723	           4	 7,50000000000000E+000	-1,28613900182485E+001	 7,44881016632348E+001	-4,33467720054488E+001	7,44881016632348E+001	-2,86878771031399E-002	-5,94104016842868E-001	0,00000000000000E+000	 7,08760038958953E-002	 0,00000000000000E+000	5,64126462738971E-001
                      	13686	           5	 7,50000000000000E+000	-1,29944824556244E+001	 7,29613460416022E+001	-4,28262358824364E+001	7,29613460416022E+001	 4,94300130788012E-002	-4,64860967671338E-001	4,94300130788012E-002	 7,24992915807922E-002	 0,00000000000000E+000	4,96017868436201E-001
          Plate\_2\_15	13686	           1	 7,50000000000000E+000	-1,29944824556244E+001	 7,29594314664869E+001	-4,28254563325352E+001	7,29594314664869E+001	 5,14752431285985E-002	-4,63709602296520E-001	5,14752431285985E-002	 7,24992915807582E-002	 0,00000000000000E+000	4,96017868436111E-001
 Element 49-97 (Plate)	13687	           2	 7,50000000000000E+000	-1,31362313701235E+001	 7,13312896496630E+001	-4,22492690090217E+001	7,13312896496630E+001	 1,15650377740300E-001	-3,47166628638059E-001	1,15650377740300E-001	 8,45309769162874E-002	 0,00000000000000E+000	4,40106332806610E-001
                (ERSS)	13688	           3	 7,50000000000000E+000	-1,32779802846226E+001	 6,96968051569446E+001	-4,16488437609732E+001	6,96968051569446E+001	 1,64271618126142E-001	-2,48954425386243E-001	1,64271618126142E-001	 1,04548794807336E-001	 0,00000000000000E+000	3,98591325127711E-001
                      	13689	           4	 7,50000000000000E+000	-1,34197291991216E+001	 6,80567627693393E+001	-4,10244537391549E+001	6,80567627693393E+001	 1,97909284935411E-001	-1,71376290525555E-001	1,97909284935411E-001	 1,30404799347522E-001	 0,00000000000000E+000	3,69086785072051E-001
                      	13786	           5	 7,50000000000000E+000	-1,35614781136207E+001	 6,64119472678547E+001	-4,03763720943315E+001	6,64119472678547E+001	 2,17133698817393E-001	-1,11570069848327E-001	2,17133698817393E-001	 1,59977591982946E-001	 0,00000000000000E+000	3,49228271900312E-001
          Plate\_2\_15	13786	           1	 7,50000000000000E+000	-1,35614781136207E+001	 6,64094692489700E+001	-4,03753144691935E+001	6,64094692489700E+001	 2,18208378169298E-001	-1,10418656719806E-001	2,18208378169298E-001	 1,59977591982928E-001	 0,00000000000000E+000	3,49228271900302E-001
 Element 49-98 (Plate)	13787	           2	 7,50000000000000E+000	-1,37124465319458E+001	 6,46479963780654E+001	-3,96572462922689E+001	6,46479963780654E+001	 2,26731845097569E-001	-6,51387659416041E-002	2,26731845097569E-001	 1,93695872857142E-001	 0,00000000000000E+000	3,36415635741930E-001
                (ERSS)	13788	           3	 7,50000000000000E+000	-1,38634149502708E+001	 6,28710794454715E+001	-3,89080075246015E+001	6,28710794454715E+001	 2,24287675249215E-001	-3,19388646419410E-002	2,24287675249215E-001	 2,27882722716206E-001	 0,00000000000000E+000	3,29985991706303E-001
                      	13789	           4	 7,50000000000000E+000	-1,40143833685958E+001	 6,10794676046408E+001	-3,81279055080935E+001	6,10794676046408E+001	 2,11052201570747E-001	-1,22085211960188E-002	2,11052201570747E-001	 2,60889478313927E-001	 0,00000000000000E+000	3,28017705334132E-001
                      	14690	           5	 7,50000000000000E+000	-1,41653517869209E+001	 5,92739100090257E+001	-3,73172475846474E+001	5,92739100090257E+001	 1,87201757008679E-001	-2,29026746452032E-003	1,87201757008679E-001	 2,91075202864258E-001	 0,00000000000000E+000	3,29562173940217E-001
          Plate\_2\_15	14690	           1	 7,50000000000000E+000	-1,41653517869209E+001	 5,92707551999160E+001	-3,73157389443895E+001	5,92707551999160E+001	 1,87119934685143E-001	-2,01980971362607E-003	1,87119934685143E-001	 2,91075202864273E-001	 0,00000000000000E+000	3,29562173939916E-001
 Element 49-99 (Plate)	14691	           2	 7,50000000000000E+000	-1,43261393556448E+001	 5,73267133925725E+001	-3,64162479161091E+001	5,73267133925725E+001	 1,51151034044721E-001	-1,75129432357510E-007	1,51151034044721E-001	 3,18427812327577E-001	 0,00000000000000E+000	3,36732197242676E-001
                (ERSS)	14692	           3	 7,50000000000000E+000	-1,44869269243687E+001	 5,53538763745725E+001	-3,54758924444694E+001	5,53538763745725E+001	 1,02808608194255E-001	-6,76750828485964E-003	1,02808608194255E-001	 3,39017409704743E-001	 0,00000000000000E+000	3,44802810059696E-001
                      	14693	           4	 7,50000000000000E+000	-1,46477144930926E+001	 5,33529498517228E+001	-3,44949905485267E+001	5,33529498517228E+001	 4,19119718979079E-002	-2,62520775811495E-002	4,19119718979079E-002	 3,50823653582108E-001	 0,00000000000000E+000	3,52112922285043E-001
                      	14742	           5	 7,50000000000000E+000	-1,48085020618166E+001	 5,13246395298303E+001	-3,34738602473376E+001	5,13246395298303E+001	-3,17195600801593E-002	-6,31182572561161E-002	3,65090744041839E-002	 3,51814474472190E-001	 0,00000000000000E+000	3,51872623568339E-001
          Plate\_2\_15	14742	           1	 7,50000000000000E+000	-1,48085020618166E+001	 5,13205127038974E+001	-3,34715988952296E+001	5,13205127038974E+001	-3,20347408315083E-002	-6,29982910477473E-002	3,62835462469458E-002	 3,51814474472208E-001	 0,00000000000000E+000	3,51872623568316E-001
Element 49-100 (Plate)	14743	           2	 7,50000000000000E+000	-1,49797474291787E+001	 4,91228397786297E+001	-3,23361145230875E+001	4,91228397786297E+001	-1,25974261114063E-001	-1,35445841832186E-001	3,61866212441143E-002	 3,38532517190532E-001	 0,00000000000000E+000	3,38532517190532E-001
                (ERSS)	14744	           3	 7,50000000000000E+000	-1,51509927965408E+001	 4,68769484226705E+001	-3,11455709194138E+001	4,68769484226705E+001	-2,36658549690295E-001	-2,37144289073344E-001	3,43466036172737E-002	 3,07704979918623E-001	 0,00000000000000E+000	3,07704979918623E-001
                      	14745	           4	 7,50000000000000E+000	-1,53222381639029E+001	 4,45834561389071E+001	-2,99002464201330E+001	4,45834561389071E+001	-3,63875797886539E-001	-3,63875797886539E-001	3,06384021391334E-002	 2,56517201348404E-001	 0,00000000000000E+000	2,56517201348404E-001
                      	15600	           5	 7,50000000000000E+000	-1,54934835312651E+001	 4,22429804302268E+001	-2,86004193611692E+001	4,22429804302268E+001	-5,07414197029128E-001	-5,07414197029128E-001	2,49369255824033E-002	 1,82158910632445E-001	 0,00000000000000E+000	2,18523821734928E-001
          Plate\_2\_15	15600	           1	 7,50000000000000E+000	-1,54934835312651E+001	 4,22371127098541E+001	-2,85968448429616E+001	4,22371127098541E+001	-5,01395080003314E-001	-5,01395080003314E-001	2,45131043241789E-002	 1,82158910632452E-001	 0,00000000000000E+000	2,18523821735013E-001
Element 49-101 (Plate)	15601	           2	 7,50000000000000E+000	-1,56758668838820E+001	 3,96828376129279E+001	-2,71467653843209E+001	3,96828376129279E+001	-6,72325172266615E-001	-6,72325172266615E-001	1,52685134331902E-002	 7,51329252270904E-002	 0,00000000000000E+000	2,06197523234524E-001
                (ERSS)	15602	           3	 7,50000000000000E+000	-1,58582502364989E+001	 3,70508532435997E+001	-2,56197301558754E+001	3,70508532435997E+001	-8,35848947971506E-001	-8,35848947971506E-001	9,79291717993111E-004	-6,27039177279037E-002	-6,27039177279037E-002	2,05618485837663E-001
                      	15603	           4	 7,50000000000000E+000	-1,60406335891158E+001	 3,43414955642158E+001	-2,40158582463853E+001	3,43414955642158E+001	-9,86122724463854E-001	-9,86122724463854E-001	2,82724600043973E-007	-2,29022311124621E-001	-2,29022311124621E-001	2,04079008578179E-001
                      	16406	           5	 7,50000000000000E+000	-1,62230169417327E+001	 3,15551005371226E+001	-2,23352687446108E+001	3,15551005371226E+001	-1,11730281908952E+000	-1,11730281908952E+000	2,91966175775879E-007	-4,21177469090240E-001	-4,21177469090240E-001	1,98433763824777E-001
          Plate\_2\_15	16406	           1	 7,50000000000000E+000	-1,62230169417327E+001	 3,15449202184169E+001	-2,23288866999305E+001	3,15449202184169E+001	-1,04872467494799E+000	-1,04872467494799E+000	2,57704289350073E-007	-4,21177469090262E-001	-4,21177469090262E-001	1,98433763824596E-001
Element 49-102 (Plate)	16407	           2	 7,50000000000000E+000	-1,64172627062995E+001	 2,84792086149671E+001	-2,04459272577889E+001	2,84792086149671E+001	-1,17751811560694E+000	-1,17751811560694E+000	2,41028872047425E-007	-6,41158951776964E-001	-6,41158951776964E-001	1,86622259538522E-001
                (ERSS)	16408	           3	 7,50000000000000E+000	-1,66115084708664E+001	 2,52853007873731E+001	-1,84491789825829E+001	2,52853007873731E+001	-9,94874869665541E-001	-9,94874869665541E-001	5,17667453483544E-008	-8,59271991149431E-001	-8,59271991149431E-001	1,67043122392170E-001
                      	16409	           4	 7,50000000000000E+000	-1,68057542354332E+001	 2,19611874496461E+001	-1,63373754699871E+001	2,19611874496461E+001	-4,27250611889372E-001	-4,27250611889372E-001	0,00000000000000E+000	-1,00283516862287E+000	-1,00283516862287E+000	1,38680086107400E-001
                      	16420	           5	 7,50000000000000E+000	-1,70000000000000E+001	 1,85048593157974E+001	-1,41092503156764E+001	1,85048593157974E+001	 5,98898982956006E-001	-2,21797487834525E-001	5,98898982956006E-001	-9,94789106710237E-001	-9,94789106710237E-001	1,00613725535397E-001
          Plate\_1\_16	10663	           1	-7,50000000000000E+000	-1,70000000000000E+001	 1,85017618004281E+001	-1,43027150602404E+001	1,85017618004281E+001	-6,41041367846261E-001	-6,41041367846261E-001	1,83525427144822E-001	 8,61422216726017E-001	-2,50780283577136E-003	8,61422216726017E-001
Element 50-103 (Plate)	10664	           2	-7,50000000000000E+000	-1,71250000000000E+001	 1,68676794458338E+001	-1,33514443318233E+001	1,68676794458338E+001	-1,65451317987828E+000	-1,65451317987828E+000	2,06894289211426E-001	 7,11895290103491E-001	-4,86464389354848E-007	7,11895290103491E-001
                (ERSS)	10665	           3	-7,50000000000000E+000	-1,72500000000000E+001	 1,52169779547423E+001	-1,23882968269729E+001	1,52169779547423E+001	-2,09556856637221E+000	-2,09556856637221E+000	9,88318102400265E-002	 4,71719816075773E-001	-3,08844202731661E-007	4,71719816075773E-001
                      	10666	           4	-7,50000000000000E+000	-1,73750000000000E+001	 1,35657422457782E+001	-1,14245163596567E+001	1,35657422457782E+001	-1,97746335019590E+000	-1,97746335019590E+000	1,27610477158340E-006	 2,11167896385183E-001	-1,35923482649546E-007	2,11167896385183E-001
                      	11425	           5	-7,50000000000000E+000	-1,75000000000000E+001	 1,19300572375660E+001	-1,04713467438422E+001	1,19300572375660E+001	-1,31345335421722E+000	-1,32244936244171E+000	8,60364232394713E-007	-5,98132654516803E-015	-1,46733319938974E-013	3,08024439288346E-013
          Plate\_2\_16	16420	           1	 7,50000000000000E+000	-1,70000000000000E+001	 1,85676760952268E+001	-1,41650066483771E+001	1,85676760952268E+001	 7,61951692655420E-001	-2,13396549159882E-001	7,61951692655420E-001	-9,94789106710216E-001	-9,94789106710216E-001	1,00613725535806E-001
Element 51-104 (Plate)	16421	           2	 7,50000000000000E+000	-1,71250000000000E+001	 1,69122195821074E+001	-1,32005205654724E+001	1,69122195821074E+001	 1,72925135705514E+000	-2,25576009279377E-001	1,72925135705514E+000	-8,34137197707970E-001	-8,34137197707970E-001	7,29810373594294E-002
                (ERSS)	16422	           3	 7,50000000000000E+000	-1,72500000000000E+001	 1,52482872510325E+001	-1,22280703064271E+001	1,52482872510325E+001	 2,25663145801302E+000	-2,16505072605661E-001	2,25663145801302E+000	-5,81063604763268E-001	-5,81063604763268E-001	4,50936254449283E-002
                      	16423	           4	 7,50000000000000E+000	-1,73750000000000E+001	 1,35918235779178E+001	-1,12605425046879E+001	1,35918235779178E+001	 2,38337838284278E+000	-1,84514653907125E-001	2,38337838284278E+000	-2,86533019623817E-001	-2,86533019623817E-001	1,97967248085417E-002
                      	17112	           5	 7,50000000000000E+000	-1,75000000000000E+001	 1,19587730386787E+001	-1,03108237937016E+001	1,19587730386787E+001	 2,14877851885813E+000	-1,27935667952156E-001	2,14877851885813E+000	-2,21420104473680E-014	-3,86836396248924E-013	5,13492026676943E-013
