    Structural element	 Node	Local number	                 X [m]	                 Y [m]	              N [kN/m]	          N_min [kN/m]	         N_max [kN/m]	              Q [kN/m]	          Q_min [kN/m]	         Q_max [kN/m]	            M [kN m/m]	        M_min [kN m/m]	       M_max [kN m/m]
           Plate\_1\_1	  481	           1	-7,50000000000000E+000	 2,85000000000000E+000	 3,22417603511530E-001	-8,04530658812172E-001	3,22417603511530E-001	 8,35444849731811E-001	-9,36710463384537E-002	8,35444849731811E-001	-7,31359417471822E-015	-6,30523411260242E-013	3,66623398306842E-013
   Element 1-1 (Plate)	  480	           2	-7,50000000000000E+000	 2,51250000000000E+000	-1,61285184334250E+000	-2,30590253524302E+000	5,86208363179141E-005	-3,11821432529158E+000	-3,11821432529158E+000	1,69367103826703E+000	-3,82573688630120E-001	-3,85607683714780E-001	3,13423271299049E-001
                (ERSS)	  479	           3	-7,50000000000000E+000	 2,17500000000000E+000	-3,28280603261333E+000	-3,91962328479016E+000	3,29549126897870E-005	-7,52142473454382E+000	-7,52142473454382E+000	2,47531139895095E+000	-2,14905485186974E+000	-2,14905485186974E+000	1,03419525045104E+000
                      	  478	           4	-7,50000000000000E+000	 1,83750000000000E+000	-4,82394942395829E+000	-5,66766686622757E+000	1,74607721085982E-005	-1,27285492705037E+001	-1,27285492705037E+001	2,57518838288977E+000	-5,55110039372183E+000	-5,55110039372183E+000	1,90081049994095E+000
                      	  482	           5	-7,50000000000000E+000	 1,50000000000000E+000	-6,37278647703466E+000	-7,77577744847458E+000	1,52355267939873E-005	-1,90939508256499E+001	-1,90939508256499E+001	2,52169863006703E+000	-1,08773498319527E+001	-1,08773498319527E+001	2,68589307815659E+000
           Plate\_2\_1	 8264	           1	 7,50000000000000E+000	 2,85000000000000E+000	 2,68270002714268E-001	-8,29799505828942E-001	2,68270002714268E-001	-6,95934110605156E-001	-6,95934110605156E-001	1,15953671072640E-001	 1,71668235182665E-014	-6,68284871885305E-013	5,12059145085786E-013
   Element 2-2 (Plate)	 8265	           2	 7,50000000000000E+000	 2,51250000000000E+000	-1,59630169940239E+000	-2,30903881785010E+000	5,92449883760940E-005	 3,07291177599008E+000	-1,70839787254120E+000	3,07291177599008E+000	 3,93727918373699E-001	-3,10337921539204E-001	3,93727918373699E-001
                (ERSS)	 8266	           3	 7,50000000000000E+000	 2,17500000000000E+000	-3,25141959740809E+000	-3,91869754632023E+000	3,35130310771238E-005	 7,43243411437182E+000	-2,50190406608942E+000	7,43243411437182E+000	 2,13486575731146E+000	-1,03842117448659E+000	2,13486575731146E+000
                      	 8267	           4	 7,50000000000000E+000	 1,83750000000000E+000	-4,82312907731291E+000	-5,66654198941668E+000	1,77458822228144E-005	 1,27100802258749E+001	-2,57509762552508E+000	1,27100802258749E+001	 5,51501374503155E+000	-1,91243710325462E+000	5,51501374503155E+000
                      	 8268	           5	 7,50000000000000E+000	 1,50000000000000E+000	-6,43747552512692E+000	-7,80026134517215E+000	1,51321887008357E-005	 1,92332974318343E+001	-2,49220780802153E+000	1,92332974318343E+001	 1,08599874991773E+001	-2,68516526583893E+000	1,08599874991773E+001
           Plate\_1\_2	  482	           1	-7,50000000000000E+000	 1,50000000000000E+000	-6,38821929421263E+000	-7,77052221366916E+000	1,35585556219019E-005	-1,91366672412358E+001	-1,91366672412358E+001	2,48879881641778E+000	-1,08773498319528E+001	-1,08773498319528E+001	2,68589307815664E+000
   Element 3-3 (Plate)	  467	           2	-7,50000000000000E+000	 1,25000000000000E+000	-8,05974781190017E+000	-9,62297648331387E+000	1,50760266216634E-005	-2,59354310028008E+001	-2,59354310028008E+001	2,10523060017077E+000	-1,64882101945215E+001	-1,64882101945215E+001	3,20982533738254E+000
                (ERSS)	  466	           3	-7,50000000000000E+000	 1,00000000000000E+000	-9,78983733548287E+000	-1,15351156431035E+001	1,67990418941158E-005	-3,35131863006560E+001	-3,35131863006560E+001	1,50403741629241E+000	-2,39142413850680E+001	-2,39142413850680E+001	3,59614990489977E+000
                      	  465	           4	-7,50000000000000E+000	 7,50000000000000E-001	-1,14818053752062E+001	-1,34468992025373E+001	1,86984302756361E-005	-4,16176931969325E+001	-4,16176931969325E+001	7,09678624095331E-001	-3,32925482822566E+001	-3,32925482822566E+001	3,81599418516580E+000
                      	  464	           5	-7,50000000000000E+000	 5,00000000000000E-001	-1,30389694413156E+001	-1,52982866711144E+001	2,07450206026014E-005	-4,99967117537613E+001	-4,99967117537613E+001	0,00000000000000E+000	-4,47416571376446E+001	-4,47416571376446E+001	3,84163860339377E+000
           Plate\_2\_2	 8268	           1	 7,50000000000000E+000	 1,50000000000000E+000	-6,45322117011300E+000	-7,78561596690931E+000	1,35790948467085E-005	 1,92760045895379E+001	-2,48179731212739E+000	1,92760045895379E+001	 1,08599874991773E+001	-2,68516526583915E+000	1,08599874991773E+001
   Element 4-4 (Plate)	 7765	           2	 7,50000000000000E+000	 1,25000000000000E+000	-7,94954549111279E+000	-9,63701964007385E+000	1,50910575623070E-005	 2,56257826674706E+001	-2,10438390293122E+000	2,56257826674706E+001	 1,64478638981199E+001	-3,20663479830589E+000	1,64478638981199E+001
                (ERSS)	 7766	           3	 7,50000000000000E+000	 1,00000000000000E+000	-9,58739613020454E+000	-1,15491202424560E+001	1,67979894368033E-005	 3,29691878454318E+001	-1,50490601352201E+000	3,29691878454318E+001	 2,37580845774919E+001	-3,59218234740077E+000	2,37580845774919E+001
                      	 7767	           4	 7,50000000000000E+000	 7,50000000000000E-001	-1,13208427748259E+001	-1,34610441094461E+001	1,86711199404051E-005	 4,11825650859765E+001	-7,09024441796964E-001	4,11825650859765E+001	 3,30087262143010E+001	-3,81208093031566E+000	3,30087262143010E+001
                      	 7764	           5	 7,50000000000000E+000	 5,00000000000000E-001	-1,31039551124145E+001	-1,53119175764345E+001	2,06816785433204E-005	 5,01422593516602E+001	 0,00000000000000E+000	5,01422593516602E+001	 4,44090795459115E+001	-3,85425538219415E+000	4,44090795459115E+001
           Plate\_1\_3	  464	           1	-7,50000000000000E+000	 5,00000000000000E-001	-1,32192611314796E+001	-1,52809426175275E+001	2,06659355514839E-005	-5,00605130992012E+001	-5,00605130992012E+001	0,00000000000000E+000	-4,47416571376446E+001	-4,47416571376446E+001	3,84163860339347E+000
  Element 6-10 (Plate)	  295	           2	-7,50000000000000E+000	 8,33333333333334E-002	-1,40762140190248E+001	-1,79965205580794E+001	2,40521324362777E-005	-6,07454983807520E+001	-6,07454983807520E+001	0,00000000000000E+000	-6,79720641224413E+001	-6,79720641224413E+001	3,41741931151603E+000
                (ERSS)	  294	           3	-7,50000000000000E+000	-3,33333333333333E-001	-1,34831155501976E+001	-2,04043809035251E+001	2,67597521124479E-005	-6,65635481628513E+001	-6,65635481628513E+001	0,00000000000000E+000	-9,46992803919498E+001	-9,46992803919498E+001	2,36229208744535E+000
                      	  293	           4	-7,50000000000000E+000	-7,50000000000000E-001	-1,15757181035253E+001	-2,25062128726708E+001	2,87848896072836E-005	-6,70319550084674E+001	-6,70319550084674E+001	0,00000000000000E+000	-1,22711900862116E+002	-1,22711900862116E+002	9,50892471800056E-001
                      	  292	           5	-7,50000000000000E+000	-1,16666666666667E+000	-8,48977405753536E+000	-2,43037056843228E+001	3,01236399480740E-005	-6,16680114805683E+001	-6,16680114805683E+001	0,00000000000000E+000	-1,49737647298188E+002	-1,49737647298188E+002	7,14397789545809E-004
           Plate\_1\_3	  292	           1	-7,50000000000000E+000	-1,16666666666667E+000	-9,14953358051315E+000	-2,43047318932001E+001	3,01603082569672E-005	-6,25780719216123E+001	-6,25780719216123E+001	0,00000000000000E+000	-1,49737647298188E+002	-1,49737647298188E+002	7,14397789549675E-004
  Element 6-11 (Plate)	   45	           2	-7,50000000000000E+000	-1,37500000000000E+000	-8,22023639587164E+000	-2,50976069246926E+001	3,06262972500084E-005	-5,95637852603300E+001	-5,95637852603300E+001	0,00000000000000E+000	-1,62460263229564E+002	-1,62460263229564E+002	0,00000000000000E+000
                (ERSS)	   44	           3	-7,50000000000000E+000	-1,58333333333333E+000	-7,42033792323606E+000	-2,58116736773958E+001	3,09866641192983E-005	-5,67774836168383E+001	-5,67774836168383E+001	0,00000000000000E+000	-1,74567309293706E+002	-1,74567309293706E+002	0,00000000000000E+000
                      	   43	           4	-7,50000000000000E+000	-1,79166666666667E+000	-6,83753597215647E+000	-2,64438698309577E+001	3,12450283950933E-005	-5,45731501307571E+001	-5,45731501307571E+001	1,63293243023406E-006	-1,86163408176213E+002	-1,86163408176213E+002	0,00000000000000E+000
                      	   66	           5	-7,50000000000000E+000	-2,00000000000000E+000	-6,55952835218289E+000	-2,69911330650264E+001	3,14050096076500E-005	-5,33047679417064E+001	-5,33047679417064E+001	9,91590015967349E-006	-1,97375489600717E+002	-1,97375489600717E+002	0,00000000000000E+000
           Plate\_2\_3	 7764	           1	 7,50000000000000E+000	 5,00000000000000E-001	-1,30950399818094E+001	-1,52944821357982E+001	2,06077551849727E-005	 4,96937272266754E+001	 0,00000000000000E+000	4,96937272266754E+001	 4,44090795459115E+001	-3,85425538219412E+000	4,44090795459115E+001
  Element 9-16 (Plate)	 7671	           2	 7,50000000000000E+000	 8,33333333333334E-002	-1,40367364174908E+001	-1,80101852474275E+001	2,39445532032271E-005	 6,06422129305713E+001	 0,00000000000000E+000	6,06422129305713E+001	 6,75941866036355E+001	-3,41415283992903E+000	6,75941866036355E+001
                (ERSS)	 7672	           3	 7,50000000000000E+000	-3,33333333333333E-001	-1,32604899238015E+001	-2,04180843982727E+001	2,66080676307657E-005	 6,59506346485462E+001	 0,00000000000000E+000	6,59506346485462E+001	 9,41560088649840E+001	-2,35950156741378E+000	9,41560088649840E+001
                      	 7673	           4	 7,50000000000000E+000	-7,50000000000000E-001	-1,12046306341519E+001	-2,25199523450053E+001	2,85939728711756E-005	 6,58578176711031E+001	 0,00000000000000E+000	6,58578176711031E+001	 1,21815981818029E+002	-9,61103409355764E-001	1,21815981818029E+002
                      	 8784	           5	 7,50000000000000E+000	-1,16666666666667E+000	-8,30748868195261E+000	-2,43175618442967E+001	2,98979433280444E-005	 6,06025872887450E+001	 0,00000000000000E+000	6,06025872887450E+001	 1,48326226189863E+002	-9,04579410874160E-004	1,48326226189863E+002
           Plate\_2\_3	 8784	           1	 7,50000000000000E+000	-1,16666666666667E+000	-8,92604509379891E+000	-2,43183617054475E+001	2,99361087458120E-005	 6,14258694233227E+001	 0,00000000000000E+000	6,14258694233227E+001	 1,48326226189863E+002	-9,04579410884547E-004	1,48326226189863E+002
  Element 9-17 (Plate)	 8781	           2	 7,50000000000000E+000	-1,37500000000000E+000	-8,27673525680878E+000	-2,51113742497419E+001	3,03867965107412E-005	 5,88265052549599E+001	 0,00000000000000E+000	5,88265052549599E+001	 1,60848745265727E+002	 0,00000000000000E+000	1,60848745265727E+002
                (ERSS)	 8782	           3	 7,50000000000000E+000	-1,58333333333333E+000	-7,72709601545203E+000	-2,58255215380026E+001	3,07348847787052E-005	 5,65359298745936E+001	 0,00000000000000E+000	5,65359298745936E+001	 1,72855605949034E+002	 0,00000000000000E+000	1,72855605949034E+002
                      	 8783	           4	 7,50000000000000E+000	-1,79166666666667E+000	-7,35650255151471E+000	-2,64577014192231E+001	3,09844988019939E-005	 5,48013508326657E+001	-2,63615610278205E-006	5,48013508326657E+001	 1,84449416931143E+002	 0,00000000000000E+000	1,84449416931143E+002
                      	 8800	           5	 7,50000000000000E+000	-2,00000000000000E+000	-7,24433004678287E+000	-2,70048117423969E+001	3,11397638328973E-005	 5,38699756796182E+001	-1,09463170564201E-005	5,38699756796182E+001	 1,95748346838799E+002	 0,00000000000000E+000	1,95748346838799E+002
           Plate\_1\_4	   66	           1	-7,50000000000000E+000	-2,00000000000000E+000	-5,83437511943590E+000	-2,70017006038316E+001	3,14815377162033E-005	-5,30357642965255E+001	-5,30357642965255E+001	1,66080098747388E-005	-1,97375489600717E+002	-1,97375489600717E+002	0,00000000000000E+000
 Element 10-18 (Plate)	   69	           2	-7,50000000000000E+000	-2,12500000000000E+000	-1,49130401845303E-002	-2,77981545537216E+001	3,23747110471971E-005	-3,81979398613805E+001	-3,81979398613805E+001	6,92001531439694E-005	-2,03095341504470E+002	-2,03095341504470E+002	0,00000000000000E+000
                (ERSS)	   68	           3	-7,50000000000000E+000	-2,25000000000000E+000	 5,33039875197524E+000	-2,85715145181471E+001	5,33039875197524E+000	-2,21506332865208E+001	-2,21506332865208E+001	2,03315784406131E+000	-2,06869732026742E+002	-2,06869732026742E+002	0,00000000000000E+000
                      	   67	           4	-7,50000000000000E+000	-2,37500000000000E+000	 1,03143634361930E+001	-2,93224146327704E+001	1,03143634361930E+001	-5,47514142126443E+000	-5,47514142126443E+000	1,30344055807964E+001	-2,08608119319764E+002	-2,08608119319764E+002	0,00000000000000E+000
                      	   80	           5	-7,50000000000000E+000	-2,50000000000000E+000	 1,50497841916181E+001	-3,00514890332537E+001	1,50497841916181E+001	 1,12472388850706E+001	 0,00000000000000E+000	2,39428124859757E+001	-2,08241439009808E+002	-2,08241439009808E+002	0,00000000000000E+000
           Plate\_2\_4	 8800	           1	 7,50000000000000E+000	-2,00000000000000E+000	-6,13735980871202E+000	-2,70075326141784E+001	3,12405532378770E-005	 5,25449558995300E+001	-1,75836277253386E-005	5,25449558995300E+001	 1,95748346838799E+002	 0,00000000000000E+000	1,95748346838799E+002
 Element 13-21 (Plate)	 8801	           2	 7,50000000000000E+000	-2,12500000000000E+000	-2,24077514084708E-001	-2,78057836489278E+001	3,20838894584596E-005	 3,77607243388917E+001	-7,02239475607264E-005	3,77607243388917E+001	 2,01421393810980E+002	 0,00000000000000E+000	2,01421393810980E+002
                (ERSS)	 8802	           3	 7,50000000000000E+000	-2,25000000000000E+000	 4,97930797140679E+000	-2,85802316196203E+001	4,97930797140679E+000	 2,22061850773453E+001	-2,36928622762137E+000	2,22061850773453E+001	 2,05141110417399E+002	 0,00000000000000E+000	2,05141110417399E+002
                      	 8803	           4	 7,50000000000000E+000	-2,37500000000000E+000	 9,70668228489696E+000	-2,93315108265369E+001	9,70668228489696E+000	 7,93266844642985E+000	-1,31898546972565E+001	7,93266844642985E+000	 2,07027570314734E+002	 0,00000000000000E+000	2,07027570314734E+002
                      	 8804	           5	 7,50000000000000E+000	-2,50000000000000E+000	 1,41919310635203E+001	-3,00602555699591E+001	1,41919310635203E+001	-3,00849522231569E+000	-2,45273856995393E+001	0,00000000000000E+000	 2,07278390102339E+002	 0,00000000000000E+000	2,07278390102339E+002
           Plate\_1\_5	   80	           1	-7,50000000000000E+000	-2,50000000000000E+000	 1,55435445584022E+001	-3,00543947000259E+001	1,55435445584022E+001	 1,07962389180515E+001	 0,00000000000000E+000	2,35461187724082E+001	-2,08241439009808E+002	-2,08241439009808E+002	0,00000000000000E+000
 Element 14-22 (Plate)	   83	           2	-7,50000000000000E+000	-2,75000000000000E+000	 2,29201412442731E+001	-3,14648988782702E+001	2,29201412442731E+001	 3,96790240970743E+001	 0,00000000000000E+000	4,59617816029652E+001	-2,01892908723230E+002	-2,01892908723230E+002	0,00000000000000E+000
                (ERSS)	   82	           3	-7,50000000000000E+000	-3,00000000000000E+000	 2,90086937631342E+001	-3,28153934962627E+001	2,90086937631342E+001	 6,45724137027192E+001	 0,00000000000000E+000	6,53270737772695E+001	-1,88704497584960E+002	-1,88704497584960E+002	0,00000000000000E+000
                      	   81	           4	-7,50000000000000E+000	-3,25000000000000E+000	 3,38211921280930E+001	-3,41057554586462E+001	3,38211921280930E+001	 8,35357366205574E+001	 0,00000000000000E+000	8,35357366205574E+001	-1,70093146616426E+002	-1,70093146616426E+002	0,00000000000000E+000
                      	  188	           5	-7,50000000000000E+000	-3,50000000000000E+000	 3,73696263522570E+001	-3,53358616700635E+001	3,73696263522570E+001	 9,46283217361603E+001	 0,00000000000000E+000	9,46283217361603E+001	-1,47621877052753E+002	-1,47621877052753E+002	0,00000000000000E+000
           Plate\_2\_5	 8804	           1	 7,50000000000000E+000	-2,50000000000000E+000	 1,44891554236714E+001	-3,00630316501000E+001	1,44891554236714E+001	-8,16676327988967E+000	-2,36230863937624E+001	0,00000000000000E+000	 2,07278390102339E+002	 0,00000000000000E+000	2,07278390102339E+002
 Element 17-25 (Plate)	 8642	           2	 7,50000000000000E+000	-2,75000000000000E+000	 2,20449658375132E+001	-3,14734509494279E+001	2,20449658375132E+001	-3,68311079966628E+001	-4,55737917740492E+001	0,00000000000000E+000	 2,01597217901684E+002	 0,00000000000000E+000	2,01597217901684E+002
                (ERSS)	 8643	           3	 7,50000000000000E+000	-3,00000000000000E+000	 2,80849363706563E+001	-3,28238453183923E+001	2,80849363706563E+001	-6,14884288160441E+001	-6,58585083801310E+001	0,00000000000000E+000	 1,89178074343292E+002	 0,00000000000000E+000	1,89178074343292E+002
                      	 8644	           4	 7,50000000000000E+000	-3,25000000000000E+000	 3,28155140692901E+001	-3,41141013556232E+001	3,28155140692901E+001	-8,09808997009244E+001	-8,09808997009244E+001	0,00000000000000E+000	 1,71276070850541E+002	 0,00000000000000E+000	1,71276070850541E+002
                      	 9799	           5	 7,50000000000000E+000	-3,50000000000000E+000	 3,64431459796041E+001	-3,53441056597503E+001	3,64431459796041E+001	-9,41506946141942E+001	-9,41506946141942E+001	0,00000000000000E+000	 1,49232736410842E+002	 0,00000000000000E+000	1,49232736410842E+002
           Plate\_1\_6	  188	           1	-7,50000000000000E+000	-3,50000000000000E+000	 4,03317928497430E+001	-3,53367166604393E+001	4,03317928497430E+001	 9,98717839726846E+001	 0,00000000000000E+000	9,98717839726846E+001	-1,47621877052753E+002	-1,47621877052753E+002	0,00000000000000E+000
 Element 18-26 (Plate)	  191	           2	-7,50000000000000E+000	-3,87500000000000E+000	 3,89848003837034E+001	-3,70740525707471E+001	3,89848003837034E+001	 9,53998314292446E+001	 0,00000000000000E+000	9,53998314292446E+001	-1,10625136281076E+002	-1,10625136281076E+002	0,00000000000000E+000
                (ERSS)	  190	           3	-7,50000000000000E+000	-4,25000000000000E+000	 3,74503156609274E+001	-3,86814080881914E+001	3,74503156609274E+001	 8,21496363660157E+001	 0,00000000000000E+000	8,21496363660157E+001	-7,72491105648713E+001	-7,72491105648713E+001	0,00000000000000E+000
                      	  189	           4	-7,50000000000000E+000	-4,62500000000000E+000	 3,57511829795831E+001	-4,01567889156480E+001	3,57511829795831E+001	 6,37680787754631E+001	 0,00000000000000E+000	6,37680787754631E+001	-4,96397451360087E+001	-4,96397451360087E+001	0,00000000000000E+000
                      	  416	           5	-7,50000000000000E+000	-5,00000000000000E+000	 3,39102466378391E+001	-4,14982007559924E+001	3,39102466378391E+001	 4,39020386500519E+001	 0,00000000000000E+000	4,39020386500519E+001	-2,95281022392889E+001	-2,95281022392889E+001	0,00000000000000E+000
           Plate\_2\_6	 9799	           1	 7,50000000000000E+000	-3,50000000000000E+000	 3,93919899338932E+001	-3,53451787678518E+001	3,93919899338932E+001	-9,89746149603381E+001	-9,89746149603381E+001	0,00000000000000E+000	 1,49232736410842E+002	 0,00000000000000E+000	1,49232736410842E+002
 Element 21-29 (Plate)	 9800	           2	 7,50000000000000E+000	-3,87500000000000E+000	 3,81204325987477E+001	-3,70819408646495E+001	3,81204325987477E+001	-9,57446346697638E+001	-9,57446346697638E+001	0,00000000000000E+000	 1,12310656837417E+002	 0,00000000000000E+000	1,12310656837417E+002
                (ERSS)	 9801	           3	 7,50000000000000E+000	-4,25000000000000E+000	 3,66387088501262E+001	-3,86888605281650E+001	3,66387088501262E+001	-8,30297484500541E+001	-8,30297484500541E+001	0,00000000000000E+000	 7,86941999598308E+001	 0,00000000000000E+000	7,86941999598308E+001
                      	 9802	           4	 7,50000000000000E+000	-4,62500000000000E+000	 3,49735305653735E+001	-4,01641015223970E+001	3,49735305653735E+001	-6,46902204614509E+001	-6,46902204614509E+001	0,00000000000000E+000	 5,07266558099547E+001	 0,00000000000000E+000	5,07266558099547E+001
                      	10469	           5	 7,50000000000000E+000	-5,00000000000000E+000	 3,31516096218343E+001	-4,15058276113441E+001	3,31516096218343E+001	-4,45863148641958E+001	-4,45863148641958E+001	0,00000000000000E+000	 3,03120070759367E+001	 0,00000000000000E+000	3,03120070759367E+001
           Plate\_1\_7	  416	           1	-7,50000000000000E+000	-5,00000000000000E+000	 3,39299226502527E+001	-4,15120865427802E+001	3,39299226502527E+001	 4,55751670829086E+001	 0,00000000000000E+000	4,55751670829086E+001	-2,95281022392889E+001	-2,95281022392889E+001	0,00000000000000E+000
 Element 22-30 (Plate)	  419	           2	-7,50000000000000E+000	-5,13750000000000E+000	 3,31706695468707E+001	-4,20321753500855E+001	3,31706695468707E+001	 3,97427667663965E+001	 0,00000000000000E+000	3,97427667663965E+001	-2,36680284932723E+001	-2,36680284932723E+001	0,00000000000000E+000
                (ERSS)	  418	           3	-7,50000000000000E+000	-5,27500000000000E+000	 3,24164454886882E+001	-4,25384346962587E+001	3,24164454886882E+001	 3,43009582594846E+001	 0,00000000000000E+000	3,43009582594846E+001	-1,85813294747898E+001	-1,85813294747898E+001	0,00000000000000E+000
                      	  417	           4	-7,50000000000000E+000	-5,41250000000000E+000	 3,16675735059139E+001	-4,30305894891809E+001	3,16675735059139E+001	 2,92662587150303E+001	 0,00000000000000E+000	2,92662587150303E+001	-1,42144358602396E+001	-1,42144358602396E+001	0,00000000000000E+000
                      	  493	           5	-7,50000000000000E+000	-5,55000000000000E+000	 3,09243766287566E+001	-4,35083646367335E+001	3,09243766287566E+001	 2,46551852858910E+001	 0,00000000000000E+000	2,46551852858910E+001	-1,05133217730097E+001	-1,05133217730097E+001	0,00000000000000E+000
           Plate\_2\_7	10469	           1	 7,50000000000000E+000	-5,00000000000000E+000	 3,31856952370481E+001	-4,15192134043729E+001	3,31856952370481E+001	-4,63290467989741E+001	-4,63290467989741E+001	0,00000000000000E+000	 3,03120070759367E+001	 0,00000000000000E+000	3,03120070759367E+001
 Element 25-33 (Plate)	10470	           2	 7,50000000000000E+000	-5,13750000000000E+000	 3,24483689287586E+001	-4,20390566454479E+001	3,24483689287586E+001	-4,04427461558029E+001	-4,04427461558029E+001	0,00000000000000E+000	 2,43519557993462E+001	 0,00000000000000E+000	2,43519557993462E+001
                (ERSS)	10471	           3	 7,50000000000000E+000	-5,27500000000000E+000	 3,17150260800276E+001	-4,25451206067452E+001	3,17150260800276E+001	-3,49435335736530E+001	-3,49435335736530E+001	0,00000000000000E+000	 1,91729077989891E+001	 0,00000000000000E+000	1,91729077989891E+001
                      	10472	           4	 7,50000000000000E+000	-5,41250000000000E+000	 3,09860596188156E+001	-4,30371184543114E+001	3,09860596188156E+001	-2,98484975283881E+001	-2,98484975283881E+001	0,00000000000000E+000	 1,47217484467157E+001	 0,00000000000000E+000	1,47217484467157E+001
                      	10488	           5	 7,50000000000000E+000	-5,55000000000000E+000	 3,02618624730831E+001	-4,35147633541929E+001	3,02618624730831E+001	-2,51747264958717E+001	-2,51747264958717E+001	0,00000000000000E+000	 1,09448852665031E+001	 0,00000000000000E+000	1,09448852665031E+001
           Plate\_1\_8	  493	           1	-7,50000000000000E+000	-5,55000000000000E+000	 3,09242509517787E+001	-4,35085738601999E+001	3,09242509517787E+001	 2,46692437687855E+001	 0,00000000000000E+000	2,46692437687855E+001	-1,05133217730097E+001	-1,05133217730097E+001	0,00000000000000E+000
 Element 27-49 (Plate)	  496	           2	-7,50000000000000E+000	-5,66250000000000E+000	 3,03206086417618E+001	-4,38891056849801E+001	3,03206086417618E+001	 2,12867800857408E+001	 0,00000000000000E+000	2,12867800857408E+001	-7,93178897010522E+000	-7,93178897010522E+000	0,00000000000000E+000
                (ERSS)	  495	           3	-7,50000000000000E+000	-5,77500000000000E+000	 2,97211072853400E+001	-4,42604151686202E+001	2,97211072853400E+001	 1,82173732335711E+001	 0,00000000000000E+000	1,82173732335711E+001	-5,71217035863924E+000	-5,71217035863924E+000	0,00000000000000E+000
                      	  494	           4	-7,50000000000000E+000	-5,88750000000000E+000	 2,91261949713187E+001	-4,46222313479922E+001	2,91261949713187E+001	 1,54600083827654E+001	 0,00000000000000E+000	1,54600083827654E+001	-3,82023742128147E+000	-3,82023742128147E+000	0,00000000000000E+000
                      	  881	           5	-7,50000000000000E+000	-6,00000000000000E+000	 2,85363197885031E+001	-4,49742832599681E+001	2,85363197885031E+001	 1,30136707038123E+001	 0,00000000000000E+000	1,30136707038123E+001	-2,22190367381725E+000	-2,22190367381725E+000	0,00000000000000E+000
           Plate\_2\_8	10488	           1	 7,50000000000000E+000	-5,55000000000000E+000	 3,02618151255072E+001	-4,35149605434406E+001	3,02618151255072E+001	-2,51899294456319E+001	-2,51899294456319E+001	0,00000000000000E+000	 1,09448852665031E+001	 0,00000000000000E+000	1,09448852665031E+001
 Element 30-52 (Plate)	10489	           2	 7,50000000000000E+000	-5,66250000000000E+000	 2,96732370687544E+001	-4,38953730828765E+001	2,96732370687544E+001	-2,17581913034824E+001	-2,17581913034824E+001	0,00000000000000E+000	 8,30757854211745E+000	 0,00000000000000E+000	8,30757854211745E+000
                (ERSS)	10490	           3	 7,50000000000000E+000	-5,77500000000000E+000	 2,90883774681057E+001	-4,42665597223586E+001	2,90883774681057E+001	-1,86416616990303E+001	-1,86416616990303E+001	0,00000000000000E+000	 6,03758804101462E+000	 0,00000000000000E+000	6,03758804101462E+000
                      	10491	           4	 7,50000000000000E+000	-5,88750000000000E+000	 2,85076929826104E+001	-4,46282504360401E+001	2,85076929826104E+001	-1,58394124400638E+001	-1,58394124400638E+001	0,00000000000000E+000	 4,10045613309068E+000	 0,00000000000000E+000	4,10045613309068E+000
                      	10492	           5	 7,50000000000000E+000	-6,00000000000000E+000	 2,79316402713175E+001	-4,49801751980742E+001	2,79316402713175E+001	-1,33505153343708E+001	-1,33505153343708E+001	0,00000000000000E+000	 2,46186594396940E+000	 0,00000000000000E+000	2,46186594396940E+000
           Plate\_1\_9	  881	           1	-7,50000000000000E+000	-6,00000000000000E+000	 2,85369748404981E+001	-4,49741640518812E+001	2,85369748404981E+001	 1,29252463008715E+001	 0,00000000000000E+000	1,29252463008715E+001	-2,22190367381725E+000	-2,22190367381725E+000	0,00000000000000E+000
 Element 31-53 (Plate)	  884	           2	-7,50000000000000E+000	-6,25000000000000E+000	 2,72437132140839E+001	-4,57224344709631E+001	2,72437132140839E+001	 8,55971715444577E+000	 0,00000000000000E+000	8,55971715444577E+000	 4,40943793586820E-001	-5,77457989545175E-004	9,69241809480224E-001
                (ERSS)	  883	           3	-7,50000000000000E+000	-6,50000000000000E+000	 2,59793647269207E+001	-4,64222118926873E+001	2,59793647269207E+001	 5,19049260118785E+000	 0,00000000000000E+000	5,19049260118785E+000	 2,14171000418996E+000	-4,20191022580844E-006	2,14194827724298E+000
                      	  882	           4	-7,50000000000000E+000	-6,75000000000000E+000	 2,47455195099734E+001	-4,70728094838430E+001	2,47455195099734E+001	 2,74588414797623E+000	 0,00000000000000E+000	2,74588414797623E+000	 3,11379976432439E+000	-4,08421923434770E-006	3,11379976432439E+000
                      	 1868	           5	-7,50000000000000E+000	-7,00000000000000E+000	 2,35437676942067E+001	-4,76735404112194E+001	2,35437676942067E+001	 1,15420330168946E+000	-3,36036239863793E-007	1,15420330168946E+000	 3,58491763960107E+000	-4,13878399818018E-006	3,58491763960107E+000
           Plate\_2\_9	10492	           1	 7,50000000000000E+000	-6,00000000000000E+000	 2,79323557768831E+001	-4,49800438313970E+001	2,79323557768831E+001	-1,32631001120587E+001	-1,32631001120587E+001	0,00000000000000E+000	 2,46186594396939E+000	 0,00000000000000E+000	2,46186594396939E+000
 Element 34-56 (Plate)	10136	           2	 7,50000000000000E+000	-6,25000000000000E+000	 2,66680486909204E+001	-4,57280404440394E+001	2,66680486909204E+001	-8,81341504820257E+000	-8,81341504820257E+000	0,00000000000000E+000	-2,74600654261174E-001	-9,51888412694989E-001	4,95670642451995E-004
                (ERSS)	10137	           3	 7,50000000000000E+000	-6,50000000000000E+000	 2,54311353542035E+001	-4,64274816223506E+001	2,54311353542035E+001	-5,37539692880942E+000	-5,37539692880942E+000	0,00000000000000E+000	-2,02986448732692E+000	-2,05570999141047E+000	4,17395426303431E-006
                      	10138	           4	 7,50000000000000E+000	-6,75000000000000E+000	 2,42232012248711E+001	-4,70776758036559E+001	2,42232012248711E+001	-2,87780497441177E+000	-2,87780497441177E+000	1,55483985982828E-008	-3,04124695185052E+000	-3,04124695185052E+000	4,06266738148256E-006
                      	10135	           5	 7,50000000000000E+000	-7,00000000000000E+000	 2,30458317610622E+001	-4,76779314252802E+001	2,30458317610622E+001	-1,24939840554217E+000	-1,24939840554217E+000	3,55040693566898E-007	-3,54039833788578E+000	-3,54039833788578E+000	4,12247820375026E-006
          Plate\_1\_10	 1868	           1	-7,50000000000000E+000	-7,00000000000000E+000	 2,35469195003804E+001	-4,76725400159191E+001	2,35469195003804E+001	 9,53682038421177E-001	-5,24511129346721E-007	9,53682038421177E-001	 3,58491763960107E+000	-4,13878400019781E-006	3,58491763960107E+000
 Element 35-57 (Plate)	 1871	           2	-7,50000000000000E+000	-7,38750000000000E+000	 2,17612757938828E+001	-4,85026325706049E+001	2,17612757938828E+001	-5,53822904373302E-001	-5,78035434238984E-001	8,20213230147576E-003	 3,64292891049448E+000	-4,30369741205597E-006	3,64292891049448E+000
                (ERSS)	 1870	           3	-7,50000000000000E+000	-7,77500000000000E+000	 2,00787766867324E+001	-4,92056357155402E+001	2,00787766867324E+001	-1,55677698094445E+000	-1,55677698094445E+000	3,36053873954351E-007	 3,22288931800260E+000	-4,29294644875016E-006	3,22288931800260E+000
                      	 1869	           4	-7,50000000000000E+000	-8,16250000000000E+000	 1,84996894676224E+001	-4,97808414378690E+001	1,84996894676224E+001	-2,15228639071713E+000	-2,15228639071713E+000	1,15038699383436E-006	 2,48874787253107E+000	-4,01446369127301E-006	2,48874787253107E+000
                      	 1888	           5	-7,50000000000000E+000	-8,55000000000000E+000	 1,70242814252463E+001	-5,02275417247352E+001	1,70242814252463E+001	-2,43745733311620E+000	-2,43745733311620E+000	2,08685601146996E-006	 1,59288345204940E+000	-3,38795316810749E-006	1,59288345204940E+000
          Plate\_2\_10	10135	           1	 7,50000000000000E+000	-7,00000000000000E+000	 2,30492639475520E+001	-4,76768213196243E+001	2,30492639475520E+001	-1,04811512199492E+000	-1,04811512199492E+000	5,40391722651652E-007	-3,54039833788578E+000	-3,54039833788578E+000	4,12247819487910E-006
 Element 38-60 (Plate)	10118	           2	 7,50000000000000E+000	-7,38750000000000E+000	 2,12960820420350E+001	-4,85064149407395E+001	2,12960820420350E+001	 4,81938327217324E-001	-9,14879155753770E-003	5,50040907476711E-001	-3,63038458459179E+000	-3,63038458459179E+000	4,29457852295289E-006
                (ERSS)	10119	           3	 7,50000000000000E+000	-7,77500000000000E+000	 1,96422030138245E+001	-4,92087093217485E+001	1,96422030138245E+001	 1,50320224351041E+000	-3,26621747963180E-007	1,50320224351041E+000	-3,23469609816263E+000	-3,23469609816263E+000	4,28922393765470E-006
                      	10120	           4	 7,50000000000000E+000	-8,16250000000000E+000	 1,80890603293529E+001	-4,97829815483178E+001	1,80890603293529E+001	 2,11596888702283E+000	-1,15495147831714E-006	2,11596888702283E+000	-2,51786945231009E+000	-2,51786945231009E+000	4,01199320831590E-006
                      	10285	           5	 7,50000000000000E+000	-8,55000000000000E+000	 1,66380874550525E+001	-5,02285087061141E+001	1,66380874550525E+001	 2,42053051789307E+000	-2,10442097979601E-006	2,42053051789307E+000	-1,63249254147404E+000	-1,63249254147404E+000	3,38095948025600E-006
          Plate\_1\_11	 1888	           1	-7,50000000000000E+000	-8,55000000000000E+000	 1,70185741071377E+001	-5,02277310126488E+001	1,70185741071377E+001	-2,50101020597102E+000	-2,50101020597102E+000	2,01262968490597E-006	 1,59288345204940E+000	-3,38795316741421E-006	1,59288345204940E+000
 Element 40-71 (Plate)	 1891	           2	-7,50000000000000E+000	-8,72500000000000E+000	 1,63773720793931E+001	-5,03876163368462E+001	1,63773720793931E+001	-2,64803626747374E+000	-2,64803626747374E+000	2,33817831693749E-006	 1,14253544908796E+000	-3,00660952805233E-006	1,14253544908796E+000
                (ERSS)	 1890	           3	-7,50000000000000E+000	-8,90000000000000E+000	 1,57488495512586E+001	-5,05215887903526E+001	1,57488495512586E+001	-2,80201042630700E+000	-2,80201042630700E+000	2,60957247465195E-006	 6,65666160193805E-001	-1,01048250584864E-001	6,65666160193805E-001
                      	 1889	           4	-7,50000000000000E+000	-9,07500000000000E+000	 1,51331668706385E+001	-5,06295537132241E+001	1,51331668706385E+001	-2,96394094406230E+000	-2,96394094406230E+000	2,82371270047510E-006	 1,61141279915351E-001	-3,45316676511051E-001	1,61141279915351E-001
                      	 1908	           5	-7,50000000000000E+000	-9,25000000000000E+000	 1,45304843854369E+001	-5,07114164455168E+001	1,45304843854369E+001	-3,13483608233116E+000	-3,13483608233116E+000	2,97749953683268E-006	-3,72236319805799E-001	-6,78472261654081E-001	0,00000000000000E+000
          Plate\_2\_11	10285	           1	 7,50000000000000E+000	-8,55000000000000E+000	 1,66325545498453E+001	-5,02286996129776E+001	1,66325545498453E+001	 2,48280932551828E+000	-2,03058306088076E-006	2,48280932551828E+000	-1,63249254147404E+000	-1,63249254147404E+000	3,38095948899484E-006
 Element 41-72 (Plate)	10286	           2	 7,50000000000000E+000	-8,72500000000000E+000	 1,60024839236006E+001	-5,03879764608778E+001	1,60024839236006E+001	 2,64013216886192E+000	-2,36027903899601E-006	2,64013216886192E+000	-1,18441769274969E+000	-1,18441769274969E+000	2,99608648811459E-006
                (ERSS)	10287	           3	 7,50000000000000E+000	-8,90000000000000E+000	 1,53852629052586E+001	-5,05213121911318E+001	1,53852629052586E+001	 2,80354671619819E+000	-2,63419093394450E-006	2,80354671619819E+000	-7,08089895822048E-001	-7,08089895822048E-001	1,00752088517394E-001
                      	10288	           4	 7,50000000000000E+000	-9,07500000000000E+000	 1,47810240881649E+001	-5,06286143217232E+001	1,47810240881649E+001	 2,97394424181259E+000	-2,84933728759223E-006	2,97394424181259E+000	-2,02542447836941E-001	-2,02542447836941E-001	3,46364270040374E-001
                      	10525	           5	 7,50000000000000E+000	-9,25000000000000E+000	 1,41899000656652E+001	-5,07097903706356E+001	1,41899000656652E+001	 3,15221601999060E+000	-3,00273664180520E-006	3,15221601999060E+000	 3,33248449447361E-001	 0,00000000000000E+000	6,83103081046753E-001
          Plate\_1\_12	 1908	           1	-7,50000000000000E+000	-9,25000000000000E+000	 1,45301128910014E+001	-5,07113707190815E+001	1,45301128910014E+001	-3,12930060755572E+000	-3,12930060755572E+000	2,96473130451072E-006	-3,72236319805800E-001	-6,78472261654133E-001	0,00000000000000E+000
 Element 42-73 (Plate)	 1911	           2	-7,50000000000000E+000	-9,37500000000000E+000	 1,41061326948742E+001	-5,07538149844271E+001	1,41061326948742E+001	-3,26187423164012E+000	-3,26187423164012E+000	3,02466745314720E-006	-7,71716947764729E-001	-9,68622597353893E-001	0,00000000000000E+000
                (ERSS)	 1910	           3	-7,50000000000000E+000	-9,50000000000000E+000	 1,36883841285443E+001	-5,07827307711252E+001	1,36883841285443E+001	-3,37655694809776E+000	-3,37655694809776E+000	3,01082514345158E-006	-1,18700419522136E+000	-1,30417248368881E+000	0,00000000000000E+000
                      	 1909	           4	-7,50000000000000E+000	-9,62500000000000E+000	 1,32773009425931E+001	-5,07980873860254E+001	1,32773009425931E+001	-3,46777728692099E+000	-3,46777728692099E+000	2,91676268994195E-006	-1,61507419924362E+000	-1,66398108772323E+000	0,00000000000000E+000
                      	 2249	           5	-7,50000000000000E+000	-9,75000000000000E+000	 1,28733168876019E+001	-5,07998541359771E+001	1,28733168876019E+001	-3,52996377810217E+000	-3,52996377810217E+000	2,73603840713637E-006	-2,05269504196382E+000	-2,06609874585016E+000	0,00000000000000E+000
          Plate\_2\_12	10525	           1	 7,50000000000000E+000	-9,25000000000000E+000	 1,41894923252228E+001	-5,07097497657683E+001	1,41894923252228E+001	 3,14643555242721E+000	-2,99004161073985E-006	3,14643555242721E+000	 3,33248449447362E-001	 0,00000000000000E+000	6,83103081046807E-001
 Element 43-74 (Plate)	10526	           2	 7,50000000000000E+000	-9,37500000000000E+000	 1,37737176551199E+001	-5,07516992579794E+001	1,37737176551199E+001	 3,28380983711030E+000	-3,04937852541124E-006	3,28380983711030E+000	 7,35181579885377E-001	 0,00000000000000E+000	9,70883952621308E-001
                (ERSS)	10527	           3	 7,50000000000000E+000	-9,50000000000000E+000	 1,33640862320975E+001	-5,07801272020642E+001	1,33640862320975E+001	 3,40230465336670E+000	-3,03445041563232E-006	3,40230465336670E+000	 1,15345857815687E+000	 0,00000000000000E+000	1,29611662214182E+000
                      	10528	           4	 7,50000000000000E+000	-9,62500000000000E+000	 1,29610301391266E+001	-5,07950024691578E+001	1,29610301391266E+001	 3,49643596861660E+000	-2,93891285302429E-006	3,49643596861660E+000	 1,58493971870186E+000	 0,00000000000000E+000	1,65601706615817E+000
                      	10548	           5	 7,50000000000000E+000	-9,75000000000000E+000	 1,25649814591784E+001	-5,07962939303955E+001	1,25649814591784E+001	 3,56071975028023E+000	-2,75642140920836E-006	3,56071975028023E+000	 2,02628068975106E+000	 0,00000000000000E+000	2,05603820372337E+000
          Plate\_1\_13	 2249	           1	-7,50000000000000E+000	-9,75000000000000E+000	 1,28737020992806E+001	-5,07998825479729E+001	1,28737020992806E+001	-3,51262072346149E+000	-3,51262072346149E+000	2,71812049096072E-006	-2,05269504196382E+000	-2,06609874585013E+000	0,00000000000000E+000
 Element 44-75 (Plate)	 2248	           2	-7,50000000000000E+000	-9,81250000000000E+000	 1,26748832833420E+001	-5,07956439640440E+001	1,26748832833420E+001	-3,51301269770278E+000	-3,51301269770278E+000	2,57252690832193E-006	-2,27241305995101E+000	-2,27391844511870E+000	5,62954593507726E-008
                (ERSS)	 2247	           3	-7,50000000000000E+000	-9,87500000000000E+000	 1,24785226320554E+001	-5,07881814690139E+001	1,24785226320554E+001	-3,46725537132042E+000	-3,46725537132042E+000	2,36750448435573E-006	-2,49087426031822E+000	-2,49087426031822E+000	2,11044329838695E-007
                      	 2246	           4	-7,50000000000000E+000	-9,93750000000000E+000	 1,22848631391368E+001	-5,07775257312205E+001	1,22848631391368E+001	-3,37112993315633E+000	-3,37112993315633E+000	2,09961694110138E-006	-2,70487137418404E+000	-2,70487137418404E+000	3,50992976197873E-007
                      	 2270	           5	-7,50000000000000E+000	-1,00000000000000E+001	 1,20941477983022E+001	-5,07637074190015E+001	1,20941477983022E+001	-3,22041757205239E+000	-3,22041757205239E+000	1,76542800059819E-006	-2,91111531651450E+000	-2,91111531651450E+000	4,72108762623114E-007
          Plate\_2\_13	10548	           1	 7,50000000000000E+000	-9,75000000000000E+000	 1,25654160784864E+001	-5,07963154971048E+001	1,25654160784864E+001	 3,54367643871616E+000	-2,73906113123887E-006	3,54367643871616E+000	 2,02628068975106E+000	 0,00000000000000E+000	2,05603820372332E+000
 Element 45-76 (Plate)	10544	           2	 7,50000000000000E+000	-9,81250000000000E+000	 1,23705286411588E+001	-5,07918056591944E+001	1,23705286411588E+001	 3,54350294299912E+000	-2,59057499704953E-006	3,54350294299912E+000	 2,24792060923776E+000	-9,27154991722629E-008	2,26346765971580E+000
                (ERSS)	10545	           3	 7,50000000000000E+000	-9,87500000000000E+000	 1,21780469654244E+001	-5,07840814438118E+001	1,21780469654244E+001	 3,49759831515329E+000	-2,38337639781001E-006	3,49759831515329E+000	 2,46827909282641E+000	-2,48518375924131E-007	2,47125263351128E+000
                      	10546	           4	 7,50000000000000E+000	-9,93750000000000E+000	 1,19882115552476E+001	-5,07731782856305E+001	1,19882115552476E+001	 3,40196911099541E+000	-2,11430600951584E-006	3,40196911099541E+000	 2,68418606778893E+000	-3,89418135583888E-007	2,68418606778893E+000
                      	10547	           5	 7,50000000000000E+000	-1,00000000000000E+001	 1,18012629145929E+001	-5,07591316193241E+001	1,18012629145929E+001	 3,25262188634227E+000	-1,78020450816255E-006	3,25262188634227E+000	 2,89239394189984E+000	-5,11446390140980E-007	2,89239394189984E+000
          Plate\_1\_14	 2270	           1	-7,50000000000000E+000	-1,00000000000000E+001	 1,20941698001542E+001	-5,07634344144461E+001	1,20941698001542E+001	-3,20560472732789E+000	-3,20560472732789E+000	1,75227900074502E-006	-2,91111531651451E+000	-2,91111531651451E+000	4,72108746906340E-007
 Element 46-77 (Plate)	 2273	           2	-7,50000000000000E+000	-1,00625000000000E+001	 1,18554688707156E+001	-5,06555348254962E+001	1,18554688707156E+001	-2,30214573660056E+000	-2,30214573660056E+000	1,14473542748519E-006	-3,08250643847257E+000	-3,08250643847257E+000	5,62084935193748E-007
                (ERSS)	 2272	           3	-7,50000000000000E+000	-1,01250000000000E+001	 1,16178350683467E+001	-5,05467726315083E+001	1,16178350683467E+001	-1,52745886347126E+000	-1,52745886347126E+000	6,36536603943554E-007	-3,20156463479364E+000	-3,20156463479364E+000	6,17274029387363E-007
                      	 2271	           4	-7,50000000000000E+000	-1,01875000000000E+001	 1,13814031188286E+001	-5,04371007968078E+001	1,13814031188286E+001	-8,77280012098179E-001	-8,77280012098179E-001	2,23564422729117E-007	-3,27607544402006E+000	-3,27607544402006E+000	6,43653234948538E-007
                      	 3220	           5	-7,50000000000000E+000	-1,02500000000000E+001	 1,11463077479425E+001	-5,03264722857198E+001	1,11463077479425E+001	-3,47345086639500E-001	-3,47345086639500E-001	5,90769434432560E-002	-3,31372860811756E+000	-3,31372860811756E+000	6,47111919054171E-007
          Plate\_2\_14	10547	           1	 7,50000000000000E+000	-1,00000000000000E+001	 1,18012208261846E+001	-5,07588674428973E+001	1,18012208261846E+001	 3,23571762035000E+000	-1,76385806460459E-006	3,23571762035000E+000	 2,89239394189984E+000	-5,11446369334215E-007	2,89239394189984E+000
 Element 47-78 (Plate)	10330	           2	 7,50000000000000E+000	-1,00625000000000E+001	 1,15687567439345E+001	-5,06505281970099E+001	1,15687567439345E+001	 2,33102065583284E+000	-1,15044730743154E-006	2,33102065583284E+000	 3,06562784055159E+000	-6,01957806521380E-007	3,06562784055159E+000
                (ERSS)	10331	           3	 7,50000000000000E+000	-1,01250000000000E+001	 1,13372626771795E+001	-5,05413313190153E+001	1,13372626771795E+001	 1,55509401640548E+000	-6,37252206660866E-007	1,55509401640548E+000	 3,18645268436348E+000	-6,57343943128145E-007	3,18645268436348E+000
                      	10332	           4	 7,50000000000000E+000	-1,01875000000000E+001	 1,11068691645689E+001	-5,04312302399391E+001	1,11068691645689E+001	 9,03638986558236E-001	-2,20070282211566E-007	9,03638986558236E-001	 3,26265128037605E+000	-6,83631953612844E-007	3,26265128037605E+000
                      	10643	           5	 7,50000000000000E+000	-1,02500000000000E+001	 1,08777067447525E+001	-5,03201783908070E+001	1,08777067447525E+001	 3,72356850781440E-001	-5,91617985709469E-002	3,72356850781440E-001	 3,30190995384795E+000	-6,86759466895686E-007	3,30190995384795E+000
          Plate\_1\_15	 3220	           1	-7,50000000000000E+000	-1,02500000000000E+001	 1,11461911754493E+001	-5,03260448249191E+001	1,11461911754493E+001	-3,25289674728387E-001	-3,25289674728387E-001	6,27693149104261E-002	-3,31372860811756E+000	-3,31372860811756E+000	6,47111922285002E-007
 Element 48-79 (Plate)	 3223	           2	-7,50000000000000E+000	-1,03471228822834E+001	 1,07826385929578E+001	-5,01512108746946E+001	1,07826385929578E+001	 3,31071650095666E-001	-4,99972990143619E-007	4,30003234780441E-001	-3,31224796158724E+000	-3,31224796158724E+000	6,16365864602968E-007
                (ERSS)	 3222	           3	-7,50000000000000E+000	-1,04442457645668E+001	 1,04214219437555E+001	-4,99719735546884E+001	1,04214219437555E+001	 8,45516217172694E-001	-7,87330803958132E-007	8,72981118256818E-001	-3,25403602324925E+000	-3,25403602324925E+000	5,53129024803450E-007
                      	 3221	           4	-7,50000000000000E+000	-1,05413686468502E+001	 1,00628278485124E+001	-4,97883702884822E+001	1,00628278485124E+001	 1,22519300705346E+000	-9,84013952838256E-007	1,22777120972974E+000	-3,15233272508832E+000	-3,15233272508832E+000	4,66328763956901E-007
                      	 3366	           5	-7,50000000000000E+000	-1,06384915291337E+001	 9,70714292789863E+000	-4,96004384996574E+001	9,70714292789863E+000	 1,47725100028871E+000	-1,09553315312236E-006	1,47725100028871E+000	-3,02015216880331E+000	-3,02015216880331E+000	3,64721626271801E-007
          Plate\_1\_15	 3366	           1	-7,50000000000000E+000	-1,06384915291337E+001	 9,70718016855331E+000	-4,96000280319705E+001	9,70718016855331E+000	 1,49394094123236E+000	-1,10766816951723E-006	1,49394094123236E+000	-3,02015216880331E+000	-3,02015216880331E+000	3,64721617660164E-007
 Element 48-80 (Plate)	 3369	           2	-7,50000000000000E+000	-1,07419313894903E+001	 9,33167138329458E+000	-4,93942175160037E+001	9,33167138329458E+000	 1,67266371676569E+000	-1,17069004029311E-006	1,67266371676569E+000	-2,85581256041721E+000	-2,85581256041721E+000	2,46547241159323E-007
                (ERSS)	 3368	           3	-7,50000000000000E+000	-1,08453712498470E+001	 8,95990760517270E+000	-4,91817544536956E+001	8,95990760517270E+000	 1,78531287555080E+000	-1,19398043909448E-006	1,78531287555080E+000	-2,67640858210185E+000	-2,67640858210185E+000	1,23914317435005E-007
                      	 3367	           4	-7,50000000000000E+000	-1,09488111102037E+001	 8,59220350615977E+000	-4,89627147574888E+001	8,59220350615977E+000	 1,83569314614003E+000	-1,18018548375256E-006	1,83569314614003E+000	-2,48852804588713E+000	-2,48852804588713E+000	7,57834421588063E-010
                      	 4246	           5	-7,50000000000000E+000	-1,10522509705603E+001	 8,22887375822791E+000	-4,87371743398263E+001	8,22887375822791E+000	 1,82760925708573E+000	-1,13195129209857E-006	1,82760925708573E+000	-2,29863605206448E+000	-2,29863605206448E+000	0,00000000000000E+000
          Plate\_1\_15	 4246	           1	-7,50000000000000E+000	-1,10522509705603E+001	 8,22893043808325E+000	-4,87367710592088E+001	8,22893043808325E+000	 1,83645940424976E+000	-1,13778471946241E-006	1,83645940424976E+000	-2,29863605206448E+000	-2,29863605206448E+000	0,00000000000000E+000
 Element 48-81 (Plate)	 4247	           2	-7,50000000000000E+000	-1,11624186721261E+001	 7,84706887724628E+000	-4,84885971871984E+001	7,84706887724628E+000	 1,79043185109207E+000	-1,06673784883847E-006	1,79043185109207E+000	-2,09865819471364E+000	-2,09865819471364E+000	0,00000000000000E+000
                (ERSS)	 4248	           3	-7,50000000000000E+000	-1,12725863736919E+001	 7,47070836495904E+000	-4,82313808316093E+001	7,47070836495904E+000	 1,72043973723773E+000	-9,84522831691496E-007	1,72043973723773E+000	-1,90503674189914E+000	-1,90503674189914E+000	0,00000000000000E+000
                      	 4249	           4	-7,50000000000000E+000	-1,13827540752577E+001	 7,10017609735326E+000	-4,79652311481570E+001	7,10017609735326E+000	 1,62862853371179E+000	-8,92514570339153E-007	1,62862853371179E+000	-1,72029762646116E+000	-1,72029762646116E+000	0,00000000000000E+000
                      	 4288	           5	-7,50000000000000E+000	-1,14929217768235E+001	 6,73579927056069E+000	-4,76902572925567E+001	6,73579927056069E+000	 1,51714371153929E+000	-7,92087967099120E-007	1,51714371153929E+000	-1,54689765688682E+000	-1,54689765688682E+000	0,00000000000000E+000
          Plate\_1\_15	 4288	           1	-7,50000000000000E+000	-1,14929217768235E+001	 6,73581673045104E+000	-4,76898244448246E+001	6,73581673045104E+000	 1,52149114915663E+000	-7,94687712705919E-007	1,52149114915663E+000	-1,54689765688682E+000	-1,54689765688682E+000	0,00000000000000E+000
 Element 48-82 (Plate)	 4289	           2	-7,50000000000000E+000	-1,16102549057202E+001	 6,35472114320096E+000	-4,73864331001280E+001	6,35472114320096E+000	 1,39546511214791E+000	-6,87380745092450E-007	1,39546511214791E+000	-1,37578593179537E+000	-1,37578593179537E+000	0,00000000000000E+000
                (ERSS)	 4290	           3	-7,50000000000000E+000	-1,17275880346170E+001	 5,98096554474593E+000	-4,70712726116873E+001	5,98096554474593E+000	 1,26831750910323E+000	-5,83208735999295E-007	1,26831750910323E+000	-1,21948521912668E+000	-1,21948521912668E+000	0,00000000000000E+000
                      	 4291	           4	-7,50000000000000E+000	-1,18449211635137E+001	 5,61485710030645E+000	-4,67444896847617E+001	5,61485710030645E+000	 1,14110520080485E+000	-4,82777959859185E-007	1,14110520080485E+000	-1,07808835250645E+000	-1,07808835250645E+000	0,00000000000000E+000
                      	 5306	           5	-7,50000000000000E+000	-1,19622542924104E+001	 5,25670297510302E+000	-4,64062310246102E+001	5,25670297510302E+000	 1,01488504803507E+000	-3,86694691104851E-007	1,01488504803507E+000	-9,51655252602220E-001	-9,51655252602220E-001	0,00000000000000E+000
          Plate\_1\_15	 5306	           1	-7,50000000000000E+000	-1,19622542924104E+001	 5,25666301060296E+000	-4,64057360729653E+001	5,25666301060296E+000	 1,01643658270651E+000	-3,87424792118680E-007	1,01643658270651E+000	-9,51655252602217E-001	-9,51655252602217E-001	0,00000000000000E+000
 Element 48-83 (Plate)	 5307	           2	-7,50000000000000E+000	-1,20872188958380E+001	 4,88404130221402E+000	-4,60319511798237E+001	4,88404130221402E+000	 8,89209416771008E-001	-2,93144765098227E-007	8,89209416771008E-001	-8,32700243827771E-001	-8,32700243827771E-001	0,00000000000000E+000
                (ERSS)	 5308	           3	-7,50000000000000E+000	-1,22121834992655E+001	 4,52052725442740E+000	-4,56431569011294E+001	4,52052725442740E+000	 7,70802296396697E-001	-2,07447373632377E-007	7,70802296396697E-001	-7,29055734883518E-001	-7,29055734883518E-001	0,00000000000000E+000
                      	 5309	           4	-7,50000000000000E+000	-1,23371481026931E+001	 4,16640209356810E+000	-4,52395411751500E+001	4,16640209356810E+000	 6,61514028745227E-001	-1,30441690259123E-007	6,61514028745227E-001	-6,39630074916326E-001	-6,39630074916326E-001	0,00000000000000E+000
                      	 5336	           5	-7,50000000000000E+000	-1,24621127061207E+001	 3,82194704596110E+000	-4,48212919401532E+001	3,82194704596110E+000	 5,61643420978247E-001	-6,22367875164637E-008	5,61643420978247E-001	-5,63324886947671E-001	-5,63324886947671E-001	0,00000000000000E+000
          Plate\_1\_15	 5336	           1	-7,50000000000000E+000	-1,24621127061207E+001	 3,82185399083682E+000	-4,48206898532977E+001	3,82185399083682E+000	 5,61604492662106E-001	-6,19963142533444E-008	5,61604492662106E-001	-5,63324886947673E-001	-5,63324886947673E-001	0,00000000000000E+000
 Element 48-84 (Plate)	 5337	           2	-7,50000000000000E+000	-1,25952051434966E+001	 3,46556671651769E+000	-4,43580812596127E+001	3,46556671651769E+000	 4,66743117510606E-001	 0,00000000000000E+000	4,66743117510606E-001	-4,95025846749249E-001	-4,95025846749249E-001	0,00000000000000E+000
                (ERSS)	 5338	           3	-7,50000000000000E+000	-1,27282975808726E+001	 3,12007291940589E+000	-4,38764585947499E+001	3,12007291940589E+000	 3,82557975186942E-001	 0,00000000000000E+000	3,82557975186942E-001	-4,38614527989961E-001	-4,38614527989961E-001	0,00000000000000E+000
                      	 5339	           4	-7,50000000000000E+000	-1,28613900182485E+001	 2,78562637087419E+000	-4,33760521027196E+001	2,78562637087419E+000	 3,08962013624933E-001	 0,00000000000000E+000	3,08962013624933E-001	-3,92701638805391E-001	-3,92701638805391E-001	0,00000000000000E+000
                      	 6508	           5	-7,50000000000000E+000	-1,29944824556244E+001	 2,46248084229534E+000	-4,28570920275321E+001	2,46248084229534E+000	 2,45868180758398E-001	 0,00000000000000E+000	2,45868180758398E-001	-3,55904853934373E-001	-3,55904853934373E-001	0,00000000000000E+000
          Plate\_1\_15	 6508	           1	-7,50000000000000E+000	-1,29944824556244E+001	 2,46235459445823E+000	-4,28563158711056E+001	2,46235459445823E+000	 2,45206597328350E-001	 0,00000000000000E+000	2,45206597328350E-001	-3,55904853934373E-001	-3,55904853934373E-001	0,00000000000000E+000
 Element 48-85 (Plate)	 6509	           2	-7,50000000000000E+000	-1,31362313701235E+001	 2,13043955463568E+000	-4,22818695763753E+001	2,13043955463568E+000	 1,88254602291072E-001	 0,00000000000000E+000	1,88254602291072E-001	-3,25295823202495E-001	-3,25295823202495E-001	0,00000000000000E+000
                (ERSS)	 6510	           3	-7,50000000000000E+000	-1,32779802846226E+001	 1,81099886607799E+000	-4,16832550872628E+001	1,81099886607799E+000	 1,40059511485482E-001	-4,46362514444165E-004	1,40059511485482E-001	-3,02121843469748E-001	-3,02121843469748E-001	0,00000000000000E+000
                      	 6511	           4	-7,50000000000000E+000	-1,34197291991216E+001	 1,50425797219814E+000	-4,10607456971221E+001	1,50425797219814E+000	 1,00391592530259E-001	-7,08431718091328E-003	1,00391592530259E-001	-2,85177390232468E-001	-2,85177390232468E-001	0,00000000000000E+000
                      	 6532	           5	-7,50000000000000E+000	-1,35614781136207E+001	 1,21044231640914E+000	-4,04146146993072E+001	1,21044231640914E+000	 6,90211130440810E-002	-1,24081542504031E-002	6,90211130440810E-002	-2,73268901678026E-001	-2,73268901678026E-001	0,00000000000000E+000
          Plate\_1\_15	 6532	           1	-7,50000000000000E+000	-1,35614781136207E+001	 1,21031841773773E+000	-4,04135613580320E+001	1,21031841773773E+000	 6,83947720807880E-002	-1,25063369910027E-002	6,83947720807880E-002	-2,73268901678027E-001	-2,73268901678027E-001	0,00000000000000E+000
 Element 48-86 (Plate)	 6533	           2	-7,50000000000000E+000	-1,37124465319458E+001	 9,11378904314682E-001	-3,96976560044962E+001	9,11378904314682E-001	 4,23028625657048E-002	-1,70602985296504E-002	4,23028625657048E-002	-2,64995587537665E-001	-2,64995587537665E-001	0,00000000000000E+000
                (ERSS)	 6534	           3	-7,50000000000000E+000	-1,38634149502708E+001	 6,26738011352750E-001	-3,89506803997734E+001	6,26738011352750E-001	 2,24882731068789E-002	-2,06252901972527E-002	2,24882731068789E-002	-2,60179785948583E-001	-2,60179785948583E-001	0,00000000000000E+000
                      	 6535	           4	-7,50000000000000E+000	-1,40143833685958E+001	 3,56597664697077E-001	-3,81729419971396E+001	3,56597664697077E-001	 8,77995676849865E-003	-2,32189997307339E-002	8,77995676849865E-003	-2,57896860784210E-001	-2,57896860784210E-001	0,00000000000000E+000
                      	 7778	           5	-7,50000000000000E+000	-1,41653517869209E+001	 1,01159790192803E-001	-3,73647482498708E+001	1,01159790192803E-001	 1,00686661475276E-003	-2,48591148670178E-002	1,00686661475276E-003	-2,57230874309111E-001	-2,57230874309111E-001	0,00000000000000E+000
          Plate\_1\_15	 7778	           1	-7,50000000000000E+000	-1,41653517869209E+001	 1,01084526498121E-001	-3,73632483227723E+001	1,01084526498121E-001	 7,42187035851587E-004	-2,48395386995646E-002	7,42187035851587E-004	-2,57230874309111E-001	-2,57230874309111E-001	0,00000000000000E+000
 Element 48-87 (Plate)	 7779	           2	-7,50000000000000E+000	-1,43261393556448E+001	-1,54987153385735E-001	-3,64665058769475E+001	0,00000000000000E+000	-2,16235047903176E-003	-2,56624636515215E-002	1,80627114058840E-007	-2,57417171192680E-001	-2,57417171192680E-001	0,00000000000000E+000
                (ERSS)	 7780	           3	-7,50000000000000E+000	-1,44869269243687E+001	-3,94553520113569E-001	-3,55290502510412E+001	0,00000000000000E+000	 3,01989209872304E-004	-2,53168608463441E-002	3,01989209872304E-004	-2,57638159970703E-001	-2,57638159970703E-001	0,00000000000000E+000
                      	 7781	           4	-7,50000000000000E+000	-1,46477144930926E+001	-6,17430214136576E-001	-3,45512014378458E+001	0,00000000000000E+000	 8,11472812508059E-003	-2,37680916532804E-002	8,11472812508059E-003	-2,57033538713305E-001	-2,57033538713305E-001	0,00000000000000E+000
                      	 9023	           5	-7,50000000000000E+000	-1,48085020618166E+001	-8,23432875905948E-001	-3,35332794301540E+001	0,00000000000000E+000	 2,12553882891099E-002	-2,09815174415784E-002	2,12553882891099E-002	-2,54743738718358E-001	-2,54743738718358E-001	0,00000000000000E+000
          Plate\_1\_15	 9023	           1	-7,50000000000000E+000	-1,48085020618166E+001	-8,23395856250957E-001	-3,35310362201981E+001	0,00000000000000E+000	 2,13174352446436E-002	-2,07490190438490E-002	2,13174352446436E-002	-2,54743738718357E-001	-2,54743738718357E-001	0,00000000000000E+000
 Element 48-88 (Plate)	 9024	           2	-7,50000000000000E+000	-1,49797474291787E+001	-1,02426612760177E+000	-3,23991598637693E+001	0,00000000000000E+000	 4,12574812486020E-002	-1,61033057969543E-002	4,12574812486020E-002	-2,49479320268723E-001	-2,49479320268723E-001	0,00000000000000E+000
                (ERSS)	 9025	           3	-7,50000000000000E+000	-1,51509927965408E+001	-1,20569469238484E+000	-3,12124734149701E+001	0,00000000000000E+000	 6,76004924694528E-002	-8,98894644366638E-003	6,76004924694528E-002	-2,40246120685798E-001	-2,40246120685798E-001	0,00000000000000E+000
                      	 9026	           4	-7,50000000000000E+000	-1,53222381639029E+001	-1,36750758765342E+000	-2,99712575684727E+001	0,00000000000000E+000	 1,00320437129789E-001	-5,56355567652187E-008	1,00320437129789E-001	-2,25957616260600E-001	-2,26077751549250E-001	0,00000000000000E+000
                      	 9149	           5	-7,50000000000000E+000	-1,54934835312651E+001	-1,50953085046076E+000	-2,86757930189494E+001	0,00000000000000E+000	 1,39391283452202E-001	-1,11301736244680E-007	1,39391283452202E-001	-2,05526987377674E-001	-2,07820604047487E-001	0,00000000000000E+000
          Plate\_1\_15	 9149	           1	-7,50000000000000E+000	-1,54934835312651E+001	-1,50930233918847E+000	-2,86722611463190E+001	0,00000000000000E+000	 1,38151254832764E-001	-1,06995716334228E-007	1,38151254832764E-001	-2,05526987377673E-001	-2,07820604047483E-001	0,00000000000000E+000
 Element 48-89 (Plate)	 9150	           2	-7,50000000000000E+000	-1,56758668838820E+001	-1,63848951329888E+000	-2,72271324385151E+001	0,00000000000000E+000	 1,87605619470163E-001	-1,68218012112321E-007	1,87605619470163E-001	-1,75881240799356E-001	-1,85242395192638E-001	0,00000000000000E+000
                (ERSS)	 9151	           3	-7,50000000000000E+000	-1,58582502364989E+001	-1,74409445311324E+000	-2,57055093476192E+001	0,00000000000000E+000	 2,39287402011590E-001	-2,14169651871436E-007	2,39287402011590E-001	-1,36943548513588E-001	-1,65463877616442E-001	0,00000000000000E+000
                      	 9152	           4	-7,50000000000000E+000	-1,60406335891158E+001	-1,82594440251769E+000	-2,41074973831950E+001	0,00000000000000E+000	 2,92000213546223E-001	-2,41793249887691E-007	2,92000213546223E-001	-8,85143443724619E-002	-1,53752081197307E-001	0,00000000000000E+000
                      	 9365	           5	-7,50000000000000E+000	-1,62230169417327E+001	-1,88386660539833E+000	-2,24332020548061E+001	0,00000000000000E+000	 3,44547665163245E-001	-2,48031420437202E-007	3,44547665163245E-001	-3,04574528981612E-002	-1,36897834943487E-001	0,00000000000000E+000
          Plate\_1\_15	 9365	           1	-7,50000000000000E+000	-1,62230169417327E+001	-1,88336691964996E+000	-2,24273391596013E+001	0,00000000000000E+000	 3,27438943576067E-001	-2,16550875922253E-007	3,27438943576067E-001	-3,04574528981621E-002	-1,36897834943581E-001	0,00000000000000E+000
 Element 48-90 (Plate)	 9366	           2	-7,50000000000000E+000	-1,64172627062995E+001	-1,91828373003853E+000	-2,05510111577930E+001	0,00000000000000E+000	 3,84610912645025E-001	-1,95190931505034E-007	3,84610912645025E-001	 3,95373280834272E-002	-1,12672193299299E-001	3,95373280834272E-002
                (ERSS)	 9367	           3	-7,50000000000000E+000	-1,66115084708664E+001	-1,92400280571158E+000	-1,85629581320382E+001	0,00000000000000E+000	 3,70112136326257E-001	-1,49457581127875E-008	3,70112136326257E-001	 1,14521688212701E-001	-8,09337923642802E-002	1,14521688212701E-001
                      	 9368	           4	-7,50000000000000E+000	-1,68057542354332E+001	-1,90030737525080E+000	-1,64622065463158E+001	0,00000000000000E+000	 2,65683738202905E-001	 0,00000000000000E+000	2,65683738202905E-001	 1,77536304566176E-001	-4,35143219807629E-002	1,77536304566176E-001
                      	10663	           5	-7,50000000000000E+000	-1,70000000000000E+001	-1,84698066723786E+000	-1,42477828646046E+001	0,00000000000000E+000	 5,30668418581107E-002	 0,00000000000000E+000	2,14708744679297E-001	 2,10537076686969E-001	-2,50780283583856E-003	2,10537076686969E-001
          Plate\_2\_15	10643	           1	 7,50000000000000E+000	-1,02500000000000E+001	 1,08775797833378E+001	-5,03197530189167E+001	1,08775797833378E+001	 3,50551508582150E-001	-6,27359864571862E-002	3,50551508582150E-001	 3,30190995384795E+000	-6,86759483365794E-007	3,30190995384795E+000
 Element 49-91 (Plate)	10644	           2	 7,50000000000000E+000	-1,03471228822834E+001	 1,05231431580546E+001	-5,01442369965342E+001	1,05231431580546E+001	-3,07940345425700E-001	-4,32325837860922E-001	5,11046497599248E-007	 3,30277690716206E+000	-6,55133976219645E-007	3,30277690716206E+000
                (ERSS)	10645	           3	 7,50000000000000E+000	-1,04442457645668E+001	 1,01708205778627E+001	-4,99643190254288E+001	1,01708205778627E+001	-8,24345897542010E-001	-8,64484215498176E-001	8,01560593753490E-007	 3,24671631697413E+000	-5,90660831068488E-007	3,24671631697413E+000
                      	10646	           4	 7,50000000000000E+000	-1,05413686468502E+001	 9,82090760230392E+000	-4,97800309630051E+001	9,82090760230392E+000	-1,20588037443952E+000	-1,21720388713609E+000	1,00043467253869E-006	 3,14697820836112E+000	-5,02363423510025E-007	3,14697820836112E+000
                      	11411	           5	 7,50000000000000E+000	-1,06384915291337E+001	 9,47369979092029E+000	-4,95914046666676E+001	9,47369979092029E+000	-1,45975900279098E+000	-1,45975900279098E+000	1,11328623782001E-006	 3,01658475442386E+000	-3,99091072377024E-007	3,01658475442386E+000
          Plate\_2\_15	11411	           1	 7,50000000000000E+000	-1,06384915291337E+001	 9,47372907465495E+000	-4,95909940214978E+001	9,47372907465495E+000	-1,47626120075832E+000	-1,47626120075832E+000	1,12535423173392E-006	 3,01658475442386E+000	-3,99091052177967E-007	3,01658475442386E+000
 Element 49-92 (Plate)	11412	           2	 7,50000000000000E+000	-1,07419313894903E+001	 9,10704524055578E+000	-4,93844260421325E+001	9,10704524055578E+000	-1,65703993961248E+000	-1,65703993961248E+000	1,18928144579499E-006	 2,85396487035066E+000	-2,79035613243681E-007	2,85396487035066E+000
                (ERSS)	11413	           3	 7,50000000000000E+000	-1,08453712498470E+001	 8,74385759772460E+000	-4,91711960801708E+001	8,74385759772460E+000	-1,77154573491291E+000	-1,77154573491291E+000	1,21295010101567E-006	 2,67608064397375E+000	-1,54456191100176E-007	2,67608064397375E+000
                      	11414	           4	 7,50000000000000E+000	-1,09488111102037E+001	 8,38449015083187E+000	-4,89513771029461E+001	8,38449015083187E+000	-1,82365570972015E+000	-1,82365570972015E+000	1,19908524823727E-006	 2,48953353052504E+000	-2,93362957521871E-008	2,48953353052504E+000
                      	11635	           5	 7,50000000000000E+000	-1,10522509705603E+001	 8,02926690454811E+000	-4,87250420777920E+001	8,02926690454811E+000	-1,81724698709479E+000	-1,81724698709479E+000	1,15041193830108E-006	 2,30079993040412E+000	 0,00000000000000E+000	2,30079993040412E+000
          Plate\_2\_15	11635	           1	 7,50000000000000E+000	-1,10522509705603E+001	 8,02933556037706E+000	-4,87246367091543E+001	8,02933556037706E+000	-1,82605984032752E+000	-1,82605984032752E+000	1,15627636136153E-006	 2,30079993040412E+000	 0,00000000000000E+000	2,30079993040412E+000
 Element 49-93 (Plate)	11636	           2	 7,50000000000000E+000	-1,11624186721261E+001	 7,65581980235917E+000	-4,84756030793301E+001	7,65581980235917E+000	-1,78168897499246E+000	-1,78168897499246E+000	1,08452326850440E-006	 2,10187528180226E+000	 0,00000000000000E+000	2,10187528180226E+000
                (ERSS)	11637	           3	 7,50000000000000E+000	-1,12725863736919E+001	 7,28756386432227E+000	-4,82175054467050E+001	7,28756386432227E+000	-1,71323258603169E+000	-1,71323258603169E+000	1,00145540335050E-006	 1,90913130167254E+000	 0,00000000000000E+000	1,90913130167254E+000
                      	11638	           4	 7,50000000000000E+000	-1,13827540752577E+001	 6,92488066242598E+000	-4,79504544591296E+001	6,92488066242598E+000	-1,62282551899823E+000	-1,62282551899823E+000	9,08462833803407E-007	 1,72510790077806E+000	 0,00000000000000E+000	1,72510790077806E+000
                      	11665	           5	 7,50000000000000E+000	-1,14929217768235E+001	 6,56808311282997E+000	-4,76745607644545E+001	6,56808311282997E+000	-1,51260261944513E+000	-1,51260261944513E+000	8,06935627766713E-007	 1,55227616932654E+000	 0,00000000000000E+000	1,55227616932654E+000
          Plate\_2\_15	11665	           1	 7,50000000000000E+000	-1,14929217768235E+001	 6,56811289460560E+000	-4,76741257704678E+001	6,56811289460560E+000	-1,51702168521082E+000	-1,51702168521082E+000	8,09598847847880E-007	 1,55227616932654E+000	 0,00000000000000E+000	1,55227616932654E+000
 Element 49-94 (Plate)	11666	           2	 7,50000000000000E+000	-1,16102549057202E+001	 6,19481930099584E+000	-4,73697312570010E+001	6,19481930099584E+000	-1,39216088583246E+000	-1,39216088583246E+000	7,01066319949257E-007	 1,38162003040857E+000	 0,00000000000000E+000	1,38162003040857E+000
                (ERSS)	11667	           3	 7,50000000000000E+000	-1,17275880346170E+001	 5,82860066765266E+000	-4,70535397309327E+001	5,82860066765266E+000	-1,26609500966607E+000	-1,26609500966607E+000	5,95710731426149E-007	 1,22564205427840E+000	 0,00000000000000E+000	1,22564205427840E+000
                      	11668	           4	 7,50000000000000E+000	-1,18449211635137E+001	 5,46976076982895E+000	-4,67256989257514E+001	5,46976076982895E+000	-1,13983768625222E+000	-1,13983768625222E+000	4,94119676981531E-007	 1,08444907162367E+000	 0,00000000000000E+000	1,08444907162367E+000
                      	12519	           5	 7,50000000000000E+000	-1,19622542924104E+001	 5,11860338277758E+000	-4,63863565749456E+001	5,11860338277758E+000	-1,01440254513150E+000	-1,01440254513150E+000	3,96880751318378E-007	 9,58116507109445E-001	 0,00000000000000E+000	9,58116507109445E-001
          Plate\_2\_15	12519	           1	 7,50000000000000E+000	-1,19622542924104E+001	 5,11857604824899E+000	-4,63858595979131E+001	5,11857604824899E+000	-1,01597767523862E+000	-1,01597767523862E+000	3,97635733182233E-007	 9,58116507109446E-001	 0,00000000000000E+000	9,58116507109446E-001
 Element 49-95 (Plate)	12520	           2	 7,50000000000000E+000	-1,20872188958380E+001	 4,75313011406830E+000	-4,60108870710752E+001	4,75313011406830E+000	-8,89488865598992E-001	-8,89488865598992E-001	3,02213545087526E-007	 8,39171281843050E-001	 0,00000000000000E+000	8,39171281843050E-001
                (ERSS)	12521	           3	 7,50000000000000E+000	-1,22121834992655E+001	 4,39653215436279E+000	-4,56208681141589E+001	4,39653215436279E+000	-7,71689241020735E-001	-7,71689241020735E-001	2,15449438731187E-007	 7,35452622100790E-001	 0,00000000000000E+000	7,35452622100790E-001
                      	12522	           4	 7,50000000000000E+000	-1,23371481026931E+001	 4,04906097705763E+000	-4,52159908120116E+001	4,04906097705763E+000	-6,62884701651484E-001	-6,62884701651484E-001	1,37455927985724E-007	 6,45884541080352E-001	 0,00000000000000E+000	6,45884541080352E-001
                      	12720	           5	 7,50000000000000E+000	-1,24621127061207E+001	 3,71099539007802E+000	-4,47964432494810E+001	3,71099539007802E+000	-5,63381147638878E-001	-5,63381147638878E-001	6,83455267236437E-008	 5,69384033389455E-001	 0,00000000000000E+000	5,69384033389455E-001
          Plate\_2\_15	12720	           1	 7,50000000000000E+000	-1,24621127061207E+001	 3,71091547367717E+000	-4,47958381827983E+001	3,71091547367717E+000	-5,63374964453503E-001	-5,63374964453503E-001	6,81127279189101E-008	 5,69384033389454E-001	 0,00000000000000E+000	5,69384033389454E-001
 Element 49-96 (Plate)	12721	           2	 7,50000000000000E+000	-1,25952051434966E+001	 3,36116591520659E+000	-4,43318051463633E+001	3,36116591520659E+000	-4,68811608464184E-001	-4,68811608464184E-001	4,39675048128907E-009	 5,00828875412504E-001	 0,00000000000000E+000	5,00828875412504E-001
                (ERSS)	12722	           3	 7,50000000000000E+000	-1,27282975808726E+001	 3,02196625051541E+000	-4,38487057570023E+001	3,02196625051541E+000	-3,84851017270569E-001	-3,84851017270569E-001	0,00000000000000E+000	 4,44126254847865E-001	 0,00000000000000E+000	4,44126254847865E-001
                      	12723	           4	 7,50000000000000E+000	-1,28613900182485E+001	 2,69356739229704E+000	-4,33467720054488E+001	2,69356739229704E+000	-3,11397259932412E-001	-3,11397259932412E-001	0,00000000000000E+000	 3,97897804571204E-001	 0,00000000000000E+000	3,97897804571204E-001
                      	13686	           5	 7,50000000000000E+000	-1,29944824556244E+001	 2,37622025324488E+000	-4,28262358824364E+001	2,37622025324488E+000	-2,48354405509465E-001	-2,48354405509465E-001	0,00000000000000E+000	 3,60772476248824E-001	 0,00000000000000E+000	3,60772476248824E-001
          Plate\_2\_15	13686	           1	 7,50000000000000E+000	-1,29944824556244E+001	 2,37610814639926E+000	-4,28254563325352E+001	2,37610814639926E+000	-2,47712917494224E-001	-2,47712917494224E-001	0,00000000000000E+000	 3,60772476248824E-001	 0,00000000000000E+000	3,60772476248824E-001
 Element 49-97 (Plate)	13687	           2	 7,50000000000000E+000	-1,31362313701235E+001	 2,05012735189100E+000	-4,22492690090217E+001	2,05012735189100E+000	-1,90772126200185E-001	-1,90772126200185E-001	0,00000000000000E+000	 3,29806862572861E-001	 0,00000000000000E+000	3,29806862572861E-001
                (ERSS)	13688	           3	 7,50000000000000E+000	-1,32779802846226E+001	 1,73639870106422E+000	-4,16488437609732E+001	1,73639870106422E+000	-1,42538638291146E-001	-1,42538638291146E-001	0,00000000000000E+000	 3,06278110291562E-001	 0,00000000000000E+000	3,06278110291562E-001
                      	13689	           4	 7,50000000000000E+000	-1,34197291991216E+001	 1,43514711048691E+000	-4,10244537391549E+001	1,43514711048691E+000	-1,02784151569336E-001	-1,02784151569336E-001	6,97871678295518E-003	 2,88987714928329E-001	 0,00000000000000E+000	2,88987714928329E-001
                      	13786	           5	 7,50000000000000E+000	-1,35614781136207E+001	 1,14659749672703E+000	-4,03763720943315E+001	1,14659749672703E+000	-7,12803638369805E-002	-7,12803638369805E-002	1,27549509750025E-002	 2,76749075806424E-001	 0,00000000000000E+000	2,76749075806424E-001
          Plate\_2\_15	13786	           1	 7,50000000000000E+000	-1,35614781136207E+001	 1,14648704129137E+000	-4,03753144691935E+001	1,14648704129137E+000	-7,06442727038916E-002	-7,06442727038916E-002	1,28861133631485E-002	 2,76749075806423E-001	 0,00000000000000E+000	2,76749075806423E-001
 Element 49-98 (Plate)	13787	           2	 7,50000000000000E+000	-1,37124465319458E+001	 8,52942840793923E-001	-3,96572462922689E+001	8,52942840793923E-001	-4,43766023552633E-002	-4,43766023552633E-002	1,80838849915831E-002	 2,68148784984896E-001	 0,00000000000000E+000	2,68148784984896E-001
                (ERSS)	13788	           3	 7,50000000000000E+000	-1,38634149502708E+001	 5,73506216150707E-001	-3,89080075246015E+001	5,73506216150707E-001	-2,43373823165690E-002	-2,43373823165690E-002	2,25458770414275E-002	 2,63036357698968E-001	 0,00000000000000E+000	2,63036357698968E-001
                      	13789	           4	 7,50000000000000E+000	-1,40143833685958E+001	 3,08379445149995E-001	-3,81279055080935E+001	3,08379445149995E-001	-1,03631061616932E-002	-1,03631061616932E-002	2,63024937968737E-002	 2,60493693699222E-001	 0,00000000000000E+000	2,60493693699222E-001
                      	14690	           5	 7,50000000000000E+000	-1,41653517869209E+001	 5,77648055800588E-002	-3,73172475846474E+001	5,77648055800588E-002	-2,29026746452032E-003	-2,29026746452032E-003	2,93841395421140E-002	 2,59611056278061E-001	 0,00000000000000E+000	2,59611056278061E-001
          Plate\_2\_15	14690	           1	 7,50000000000000E+000	-1,41653517869209E+001	 5,77050086170179E-002	-3,73157389443895E+001	5,77050086170179E-002	-2,01980971362607E-003	-2,01980971362607E-003	2,93988317687565E-002	 2,59611056278063E-001	 0,00000000000000E+000	2,59611056278063E-001
 Element 49-99 (Plate)	14691	           2	 7,50000000000000E+000	-1,43261393556448E+001	-1,93408813033875E-001	-3,64162479161091E+001	0,00000000000000E+000	 1,27231637331365E-003	-1,75129432357510E-007	3,21536692673640E-002	 2,59622400145442E-001	 0,00000000000000E+000	2,59622400145442E-001
                (ERSS)	14692	           3	 7,50000000000000E+000	-1,44869269243687E+001	-4,28166957621009E-001	-3,54758924444694E+001	0,00000000000000E+000	-7,49717207828726E-004	-7,49717207828726E-004	3,42697898895023E-002	 2,59735077258369E-001	 0,00000000000000E+000	2,59735077258369E-001
                      	14693	           4	 7,50000000000000E+000	-1,46477144930926E+001	-6,46384925726262E-001	-3,44949905485267E+001	0,00000000000000E+000	-8,06443216877734E-003	-8,06443216877734E-003	3,57279921101246E-002	 2,59097740838091E-001	 0,00000000000000E+000	2,59097740838091E-001
                      	14742	           5	 7,50000000000000E+000	-1,48085020618166E+001	-8,47878217931511E-001	-3,34738602473376E+001	0,00000000000000E+000	-2,06503502212563E-002	-2,06503502212563E-002	3,65090744041839E-002	 2,56859851089013E-001	 0,00000000000000E+000	2,56859851089013E-001
          Plate\_2\_15	14742	           1	 7,50000000000000E+000	-1,48085020618166E+001	-8,47821767458809E-001	-3,34715988952296E+001	0,00000000000000E+000	-2,07148843392725E-002	-2,07148843392725E-002	3,62835462469458E-002	 2,56859851089014E-001	 0,00000000000000E+000	2,56859851089014E-001
Element 49-100 (Plate)	14743	           2	 7,50000000000000E+000	-1,49797474291787E+001	-1,04401559927541E+000	-3,23361145230875E+001	0,00000000000000E+000	-3,98559801317241E-002	-3,98559801317241E-002	3,61866212441143E-002	 2,51766260121946E-001	 0,00000000000000E+000	2,51856474641880E-001
                (ERSS)	14744	           3	 7,50000000000000E+000	-1,51509927965408E+001	-1,22085370082744E+000	-3,11455709194138E+001	0,00000000000000E+000	-6,53717554342210E-002	-6,53717554342210E-002	3,43466036172737E-002	 2,42844100706906E-001	 0,00000000000000E+000	2,43449151205227E-001
                      	14745	           4	 7,50000000000000E+000	-1,53222381639029E+001	-1,37816207048956E+000	-2,99002464201330E+001	0,00000000000000E+000	-9,72568964945572E-002	-9,72568964945572E-002	3,06384021391334E-002	 2,29008486052910E-001	 0,00000000000000E+000	2,31590469148031E-001
                      	15600	           5	 7,50000000000000E+000	-1,54934835312651E+001	-1,51576670663644E+000	-2,86004193611692E+001	0,00000000000000E+000	-1,35506089560527E-001	-1,35506089560527E-001	2,49369255824033E-002	 2,09173198672358E-001	 0,00000000000000E+000	2,18523821734928E-001
          Plate\_2\_15	15600	           1	 7,50000000000000E+000	-1,54934835312651E+001	-1,51553431208708E+000	-2,85968448429616E+001	0,00000000000000E+000	-1,34249841302183E-001	-1,34249841302183E-001	2,45131043241789E-002	 2,09173198672358E-001	 0,00000000000000E+000	2,18523821735013E-001
Element 49-101 (Plate)	15601	           2	 7,50000000000000E+000	-1,56758668838820E+001	-1,64006762715002E+000	-2,71467653843209E+001	0,00000000000000E+000	-1,82463942367164E-001	-1,82463942367164E-001	1,52685134331902E-002	 1,80354230601946E-001	 0,00000000000000E+000	2,06197523234524E-001
                (ERSS)	15602	           3	 7,50000000000000E+000	-1,58582502364989E+001	-1,74102542550663E+000	-2,56197301558754E+001	0,00000000000000E+000	-2,33006463499646E-001	-2,33006463499646E-001	9,79291717993111E-004	 1,42458666095598E-001	 0,00000000000000E+000	2,05618485837663E-001
                      	15603	           4	 7,50000000000000E+000	-1,60406335891158E+001	-1,81824916948672E+000	-2,40158582463853E+001	0,00000000000000E+000	-2,84629338882516E-001	-2,84629338882516E-001	2,82724600043973E-007	 9,52759438201541E-002	 0,00000000000000E+000	2,04079008578179E-001
                      	16406	           5	 7,50000000000000E+000	-1,62230169417327E+001	-1,87158032142013E+000	-2,23352687446108E+001	0,00000000000000E+000	-3,36084502698657E-001	-3,36084502698657E-001	2,91966175775879E-007	 3,86618322631243E-002	 0,00000000000000E+000	1,98433763824777E-001
          Plate\_2\_15	16406	           1	 7,50000000000000E+000	-1,62230169417327E+001	-1,87120104702089E+000	-2,23288866999305E+001	0,00000000000000E+000	-3,18010732601171E-001	-3,18010732601171E-001	2,57704289350073E-007	 3,86618322631246E-002	 0,00000000000000E+000	1,98433763824596E-001
Element 49-102 (Plate)	16407	           2	 7,50000000000000E+000	-1,64172627062995E+001	-1,90083637018588E+000	-2,04459272577889E+001	0,00000000000000E+000	-3,77402230846716E-001	-3,77402230846716E-001	2,41028872047425E-007	-2,97317454391403E-002	-2,97317454391403E-002	1,86622259538522E-001
                (ERSS)	16408	           3	 7,50000000000000E+000	-1,66115084708664E+001	-1,90099184815697E+000	-1,84491789825829E+001	0,00000000000000E+000	-3,62372071189290E-001	-3,62372071189290E-001	5,17667453483544E-008	-1,03358773950070E-001	-1,03358773950070E-001	1,67043122392170E-001
                      	16409	           4	 7,50000000000000E+000	-1,68057542354332E+001	-1,87154940012461E+000	-1,63373754699871E+001	0,00000000000000E+000	-2,52847062347149E-001	-2,52847062347149E-001	0,00000000000000E+000	-1,64427644254235E-001	-1,64427644254235E-001	1,38680086107400E-001
                      	16420	           5	 7,50000000000000E+000	-1,70000000000000E+001	-1,81239094527927E+000	-1,41092503156764E+001	0,00000000000000E+000	-2,87540130385467E-002	-2,21797487834525E-001	0,00000000000000E+000	-1,93954376277338E-001	-1,93954376277338E-001	1,00613725535397E-001
          Plate\_1\_16	10663	           1	-7,50000000000000E+000	-1,70000000000000E+001	-1,85726191989092E+000	-1,43027150602404E+001	0,00000000000000E+000	-3,21175650762445E-003	-3,21175650762445E-003	1,83525427144822E-001	 2,10537076686969E-001	-2,50780283577136E-003	2,10537076686969E-001
Element 50-103 (Plate)	10664	           2	-7,50000000000000E+000	-1,71250000000000E+001	-1,89451274162834E+000	-1,33514443318233E+001	0,00000000000000E+000	-2,79197410587590E-001	-2,79197410587590E-001	2,06894289211426E-001	 1,91948029846599E-001	-4,86464389354848E-007	1,91948029846599E-001
                (ERSS)	10665	           3	-7,50000000000000E+000	-1,72500000000000E+001	-1,92721146215971E+000	-1,23882968269729E+001	0,00000000000000E+000	-4,71789748622746E-001	-4,71789748622746E-001	9,88318102400265E-002	 1,44256221434592E-001	-3,08844202731661E-007	1,44256221434592E-001
                      	10666	           4	-7,50000000000000E+000	-1,73750000000000E+001	-1,95632805884754E+000	-1,14245163596567E+001	0,00000000000000E+000	-5,88298569924126E-001	-5,88298569924126E-001	1,27610477158340E-006	 7,71417750206653E-002	-1,35923482649546E-007	7,71417750206653E-002
                      	11425	           5	-7,50000000000000E+000	-1,75000000000000E+001	-1,98283250905437E+000	-1,04713467438422E+001	0,00000000000000E+000	-6,36033673802761E-001	-6,60082970070408E-001	8,60364232394713E-007	 1,15879528195251E-015	-1,46733319938974E-013	1,69629067736654E-013
          Plate\_2\_16	16420	           1	 7,50000000000000E+000	-1,70000000000000E+001	-1,82296966500826E+000	-1,41650066483771E+001	0,00000000000000E+000	 2,08256006284199E-002	-2,13396549159882E-001	2,08256006284199E-002	-1,93954376277337E-001	-1,93954376277337E-001	1,00613725535806E-001
Element 51-104 (Plate)	16421	           2	 7,50000000000000E+000	-1,71250000000000E+001	-1,85438095750486E+000	-1,32005205654724E+001	0,00000000000000E+000	 2,89132934721224E-001	-2,25576009279377E-001	2,89132934721224E-001	-1,73381328012136E-001	-1,73381328012136E-001	7,29810373594294E-002
                (ERSS)	16422	           3	 7,50000000000000E+000	-1,72500000000000E+001	-1,88128540360112E+000	-1,22280703064271E+001	0,00000000000000E+000	 4,51688738463261E-001	-2,16505072605661E-001	4,51688738463261E-001	-1,26142226531241E-001	-1,26142226531241E-001	4,50936254449283E-002
                      	16423	           4	 7,50000000000000E+000	-1,73750000000000E+001	-1,90569172411224E+000	-1,12605425046879E+001	0,00000000000000E+000	 5,18561831564730E-001	-1,84514653907125E-001	5,18561831564730E-001	-6,44176808258580E-002	-6,44176808258580E-002	1,97967248085417E-002
                      	17112	           5	 7,50000000000000E+000	-1,75000000000000E+001	-1,92960863985341E+000	-1,03108237937016E+001	0,00000000000000E+000	 4,99821033735835E-001	-1,27935667952156E-001	4,99821033735835E-001	 1,54910806404729E-015	-2,49506144911482E-013	1,77678835186490E-013
