    Structural element	 Node	Local number	                 X [m]	                 Y [m]	              N [kN/m]	          N_min [kN/m]	         N_max [kN/m]	              Q [kN/m]	          Q_min [kN/m]	         Q_max [kN/m]	            M [kN m/m]	        M_min [kN m/m]	       M_max [kN m/m]
           Plate\_1\_1	  481	           1	-7,50000000000000E+000	 2,85000000000000E+000	 1,11495357553799E+000	-8,04530658812172E-001	1,11892218795259E+000	 2,86540681357623E+000	-9,36710463384537E-002	2,89271215493922E+000	-2,52575738102223E-014	-6,30523411260242E-013	3,66623398306842E-013
   Element 1-1 (Plate)	  480	           2	-7,50000000000000E+000	 2,51250000000000E+000	-4,27103114666345E+000	-5,26598259238743E+000	5,86208363179141E-005	-1,02800208217154E+001	-1,26420993915753E+001	1,69367103826703E+000	-1,17574436794718E+000	-1,70306000874940E+000	3,13423271299049E-001
                (ERSS)	  479	           3	-7,50000000000000E+000	 2,17500000000000E+000	-1,00228490948123E+001	-1,07781219452398E+001	3,29549126897870E-005	-2,54697198945692E+001	-2,70787179956065E+001	2,47531139895095E+000	-7,18218681643449E+000	-8,39232268638222E+000	1,03419525045104E+000
                      	  478	           4	-7,50000000000000E+000	 1,83750000000000E+000	-1,59103004559774E+001	-1,60742400549903E+001	1,74607721085982E-005	-4,21117180781545E+001	-4,21117180781545E+001	2,57518838288977E+000	-1,85350742721976E+001	-1,99423730927473E+001	1,90081049994095E+000
                      	  482	           5	-7,50000000000000E+000	 1,50000000000000E+000	-2,17031854172276E+001	-2,19017268506884E+001	1,52355267939873E-005	-5,96140430456405E+001	-5,96140430456405E+001	2,52169863006703E+000	-3,56910171354729E+001	-3,62762473975197E+001	2,68589307815659E+000
           Plate\_2\_1	 8264	           1	 7,50000000000000E+000	 2,85000000000000E+000	 1,08550837247152E+000	-8,29799505828942E-001	1,11301454693183E+000	-2,78964539328101E+000	-2,91678239613714E+000	1,15953671072640E-001	 5,88418203051333E-014	-6,68284871885305E-013	5,12059145085786E-013
   Element 2-2 (Plate)	 8265	           2	 7,50000000000000E+000	 2,51250000000000E+000	-4,28163189986167E+000	-5,21686689833524E+000	5,92449883760940E-005	 1,03012920875348E+001	-1,70839787254120E+000	1,30799472368493E+001	 1,19058784529341E+000	-3,10337921539204E-001	1,77794383143419E+000
                (ERSS)	 8266	           3	 7,50000000000000E+000	 2,17500000000000E+000	-1,00310345632157E+001	-1,06949933623915E+001	3,35130310771238E-005	 2,54841545603863E+001	-2,50190406608942E+000	2,77809131927749E+001	 7,20203113505089E+000	-1,03842117448659E+000	8,67337366553357E+000
                      	 8267	           4	 7,50000000000000E+000	 1,83750000000000E+000	-1,59306212074002E+001	-1,60778938114028E+001	1,77458822228144E-005	 4,21604307140717E+001	-2,57509762552508E+000	4,21604307140717E+001	 1,85642863013794E+001	-1,91243710325462E+000	2,04811674972903E+001
                      	 8268	           5	 7,50000000000000E+000	 1,50000000000000E+000	-2,17483134222249E+001	-2,19367118823759E+001	1,51321887008357E-005	 5,97316092373891E+001	-2,49220780802153E+000	5,97316092373891E+001	 3,57475021236924E+001	-2,68516526583893E+000	3,70868594477155E+001
           Plate\_1\_2	  482	           1	-7,50000000000000E+000	 1,50000000000000E+000	-2,18020470938739E+001	-2,20009432744724E+001	1,35585556219019E-005	 1,00868845937484E+002	-1,91366672412358E+001	1,37538814599061E+002	-3,56910171354728E+001	-3,62762473975197E+001	2,68589307815664E+000
   Element 3-3 (Plate)	  467	           2	-7,50000000000000E+000	 1,25000000000000E+000	-2,61433881296449E+001	-2,63721151392578E+001	1,50760266216634E-005	 8,70567923612757E+001	-2,59354310028008E+001	1,26712285178453E+002	-1,21706736249440E+001	-1,64882101945215E+001	3,20982533738254E+000
                (ERSS)	  466	           3	-7,50000000000000E+000	 1,00000000000000E+000	-3,06835284987518E+001	-3,09406127327097E+001	1,67990418941158E-005	 7,21178697565116E+001	-3,35131863006560E+001	1,15739168320774E+002	 7,73474415793940E+000	-2,39142413850680E+001	2,70664461559034E+001
                      	  465	           4	-7,50000000000000E+000	 7,50000000000000E-001	-3,52220579830371E+001	-3,55067660362120E+001	1,86984302756361E-005	 5,65724850543738E+001	-4,16176931969325E+001	1,04883464430919E+002	 2,38460834537280E+001	-3,32925482822566E+001	5,46508489257392E+001
                      	  464	           5	-7,50000000000000E+000	 5,00000000000000E-001	-3,95585663643434E+001	-3,98753149186547E+001	2,07450206026014E-005	 4,09410451860446E+001	-4,99967117537613E+001	9,44091739137810E+001	 3,60225983543523E+001	-4,47416571376446E+001	7,95427348686835E+001
           Plate\_2\_2	 8268	           1	 7,50000000000000E+000	 1,50000000000000E+000	-2,18177434424646E+001	-2,20063415462522E+001	1,35790948467085E-005	-1,00828239870490E+002	-1,36818956885579E+002	1,92760045895379E+001	 3,57475021236924E+001	-2,68516526583915E+000	3,70868594477155E+001
   Element 4-4 (Plate)	 7765	           2	 7,50000000000000E+000	 1,25000000000000E+000	-2,61110059673042E+001	-2,63323684167291E+001	1,50910575623070E-005	-8,71393989159961E+001	-1,26134400142881E+002	2,56257826674706E+001	 1,22228344213261E+001	-3,20663479830589E+000	1,64478638981199E+001
                (ERSS)	 7766	           3	 7,50000000000000E+000	 1,00000000000000E+000	-3,05883420008136E+001	-3,08422843900632E+001	1,67979894368033E-005	-7,23617662978095E+001	-1,15315420148204E+002	3,29691878454318E+001	-7,72283452859899E+000	-2,59749571564133E+001	2,37580845774919E+001
                      	 7767	           4	 7,50000000000000E+000	 7,50000000000000E-001	-3,50515902619376E+001	-3,53378901817869E+001	1,86711199404051E-005	-5,70097979960550E+001	-1,04490372219701E+002	4,11825650859765E+001	-2,39185748720380E+001	-5,34597259948961E+001	3,30087262143010E+001
                      	 7764	           5	 7,50000000000000E+000	 5,00000000000000E-001	-3,93025894696211E+001	-3,96209865074327E+001	2,06816785433204E-005	-4,15979499908574E+001	-9,37876116755259E+001	5,01422593516602E+001	-3,62314246667545E+001	-7,82331080577605E+001	4,44090795459115E+001
           Plate\_1\_3	  464	           1	-7,50000000000000E+000	 5,00000000000000E-001	-3,98247181277634E+001	-4,01414186283062E+001	2,06659355514839E-005	 4,02483960550850E+001	-5,00605130992012E+001	9,42937164280483E+001	 3,60225983543523E+001	-4,47416571376446E+001	7,95427348686834E+001
  Element 6-10 (Plate)	  295	           2	-7,50000000000000E+000	 8,33333333333334E-002	-4,72974695439028E+001	-4,76674822622094E+001	2,40521324362777E-005	 1,22049311318595E+001	-6,07454983807520E+001	7,74577900012534E+001	 4,69845579752373E+001	-6,79720641224413E+001	1,15338415315022E+002
                (ERSS)	  294	           3	-7,50000000000000E+000	-3,33333333333333E-001	-5,46481934483982E+001	-5,50706897581319E+001	2,67597521124479E-005	-1,72352142983257E+001	-6,66371333871077E+001	5,94690978355533E+001	 4,60039568374253E+001	-9,46992803919498E+001	1,43940517778501E+002
                      	  293	           4	-7,50000000000000E+000	-7,50000000000000E-001	-6,20229927050387E+001	-6,24970263275375E+001	2,87848896072836E-005	-4,84431474595608E+001	-6,70899469731966E+001	3,98092375815115E+001	 3,23731660812421E+001	-1,22711900862116E+002	1,64675468208776E+002
                      	  292	           5	-7,50000000000000E+000	-1,16666666666667E+000	-6,95679701776138E+001	-7,00924771818899E+001	3,01236399480740E-005	-8,17899755759360E+001	-8,17899755759360E+001	1,79598068896914E+001	 5,33329396286440E+000	-1,49737647298188E+002	1,76801291573951E+002
           Plate\_1\_3	  292	           1	-7,50000000000000E+000	-1,16666666666667E+000	-6,95491569635091E+001	-7,00733388864849E+001	3,01603082569672E-005	-8,17473048209574E+001	-8,17473048209574E+001	1,80198293001490E+001	 5,33329396286439E+000	-1,49737647298188E+002	1,76801291573950E+002
  Element 6-11 (Plate)	   45	           2	-7,50000000000000E+000	-1,37500000000000E+000	-7,29705607170960E+001	-7,35192054897885E+001	3,06262972500084E-005	-9,81534735676980E+001	-9,81534735676980E+001	7,63725393572977E+000	-1,33981641422424E+001	-1,62460263229564E+002	1,79475691091839E+002
                (ERSS)	   44	           3	-7,50000000000000E+000	-1,58333333333333E+000	-7,62713013018784E+001	-7,68435446295732E+001	3,09866641192983E-005	-1,14683125093632E+002	-1,14683125093632E+002	0,00000000000000E+000	-3,55746250838932E+001	-1,74567309293706E+002	1,79967273218360E+002
                      	   43	           4	-7,50000000000000E+000	-1,79166666666667E+000	-7,94252839895391E+001	-8,00201417477094E+001	3,12450283950933E-005	-1,31263546161368E+002	-1,31263546161368E+002	1,63293243023406E-006	-6,11973667884399E+001	-1,86163408176213E+002	1,78205741853232E+002
                      	   66	           5	-7,50000000000000E+000	-2,00000000000000E+000	-8,24064140517607E+001	-8,30227822860673E+001	3,14050096076500E-005	-1,47822023533513E+002	-1,47822023533513E+002	9,91590015967349E-006	-9,02641784964302E+001	-1,97375489600717E+002	1,74112694409208E+002
           Plate\_2\_3	 7764	           1	 7,50000000000000E+000	 5,00000000000000E-001	-3,95867661417675E+001	-3,99051735150871E+001	2,06077551849727E-005	-4,08587870656550E+001	-9,41548344003503E+001	4,96937272266754E+001	-3,62314246667544E+001	-7,82331080577604E+001	4,44090795459115E+001
  Element 9-16 (Plate)	 7671	           2	 7,50000000000000E+000	 8,33333333333334E-002	-4,71627741549202E+001	-4,75345761370621E+001	2,39445532032271E-005	-1,25457850568377E+001	-7,73268841282513E+001	6,06422129305713E+001	-4,73192964987548E+001	-1,13906897377630E+002	6,75941866036355E+001
                (ERSS)	 7672	           3	 7,50000000000000E+000	-3,33333333333333E-001	-5,42462473831991E+001	-5,46705411301236E+001	2,66080676307657E-005	 1,62058042596346E+001	-6,01863788197570E+001	6,61274842693362E+001	-4,66559493254903E+001	-1,42662948469715E+002	9,41560088649840E+001
                      	 7673	           4	 7,50000000000000E+000	-7,50000000000000E-001	-6,14051804750876E+001	-6,18809366436353E+001	2,85939728711756E-005	 4,68576985147308E+001	-4,11926413908318E+001	6,60097881731166E+001	-3,35475492924390E+001	-1,63816549499566E+002	1,21815981818029E+002
                      	 8784	           5	 7,50000000000000E+000	-1,16666666666667E+000	-6,92075680790688E+001	-6,97336308269607E+001	2,98979433280444E-005	 8,08716153394200E+001	-1,88049947574403E+001	8,08716153394200E+001	-7,11058192363245E+000	-1,76484866618701E+002	1,48326226189863E+002
           Plate\_2\_3	 8784	           1	 7,50000000000000E+000	-1,16666666666667E+000	-6,90965090986338E+001	-6,96222434724269E+001	2,99361087458120E-005	 8,05906047978127E+001	-1,91113798517620E+001	8,05906047978127E+001	-7,11058192363233E+000	-1,76484866618701E+002	1,48326226189863E+002
  Element 9-17 (Plate)	 8781	           2	 7,50000000000000E+000	-1,37500000000000E+000	-7,28426476915388E+001	-7,33927554553586E+001	3,03867965107412E-005	 9,78369435936611E+001	-8,01085029576316E+000	9,78369435936611E+001	 1,14720047632491E+001	-1,79305580171647E+002	1,60848745265727E+002
                (ERSS)	 8782	           3	 7,50000000000000E+000	-1,58333333333333E+000	-7,63884262220500E+001	-7,69620208712743E+001	3,07348847787052E-005	 1,15001055540811E+002	 0,00000000000000E+000	1,15001055540811E+002	 3,36505404532425E+001	-1,79830758588112E+002	1,72855605949034E+002
                      	 8783	           4	 7,50000000000000E+000	-1,79166666666667E+000	-7,97295167642663E+001	-8,03255866954597E+001	3,09844988019939E-005	 1,32066528375325E+002	-2,63615610278205E-006	1,32066528375325E+002	 5,93933390254319E+001	-1,78059767222115E+002	1,84449416931143E+002
                      	 8800	           5	 7,50000000000000E+000	-2,00000000000000E+000	-8,28615913922862E+001	-8,34789999032004E+001	3,11397638328973E-005	 1,49016949833264E+002	-1,09463170564201E-005	1,49016949833264E+002	 8,86688388117815E+001	-1,73982905045210E+002	1,95748346838799E+002
           Plate\_1\_4	   66	           1	-7,50000000000000E+000	-2,00000000000000E+000	-8,21832809715874E+001	-8,28128068667160E+001	3,14815377162033E-005	-1,47488456753415E+002	-1,47488456753415E+002	1,66080098747388E-005	-9,02641784964305E+001	-1,97375489600717E+002	1,74112694409208E+002
 Element 10-18 (Plate)	   69	           2	-7,50000000000000E+000	-2,12500000000000E+000	-8,51066063585983E+001	-8,58659816828448E+001	3,23747110471971E-005	-1,59108444993228E+002	-1,59108444993228E+002	6,92001531439694E-005	-1,09384596757251E+002	-2,03095341504470E+002	1,70590168608276E+002
                (ERSS)	   68	           3	-7,50000000000000E+000	-2,25000000000000E+000	-8,93270852400213E+001	-9,02145338884078E+001	5,33039875197524E+000	-1,73570223907847E+002	-1,73570223907847E+002	2,03315784406131E+000	-1,30165438762581E+002	-2,06869732026742E+002	1,66295347138527E+002
                      	   67	           4	-7,50000000000000E+000	-2,37500000000000E+000	-9,45083633255585E+001	-9,55222484772368E+001	1,03143634361930E+001	-1,90157571739818E+002	-1,90157571739818E+002	1,30344055807964E+001	-1,52875698835493E+002	-2,08608119319764E+002	1,61201015030380E+002
                      	   80	           5	-7,50000000000000E+000	-2,50000000000000E+000	-1,00314086324912E+002	-1,01476815215653E+002	1,50497841916181E+001	-2,08154266731687E+002	-2,08154266731687E+002	2,39428124859757E+001	-1,77757719144990E+002	-2,08241439009808E+002	1,55278281720243E+002
           Plate\_2\_4	 8800	           1	 7,50000000000000E+000	-2,00000000000000E+000	-8,25049604727584E+001	-8,31354236929993E+001	3,12405532378770E-005	 1,48391728187975E+002	-1,75836277253386E-005	1,48391728187975E+002	 8,86688388117812E+001	-1,73982905045210E+002	1,95748346838799E+002
 Element 13-21 (Plate)	 8801	           2	 7,50000000000000E+000	-2,12500000000000E+000	-8,57726803766899E+001	-8,65308778264022E+001	3,20838894584596E-005	 1,60759253882096E+002	-7,02239475607264E-005	1,60759253882096E+002	 1,07957290198365E+002	-1,70468504942333E+002	2,01421393810980E+002
                (ERSS)	 8802	           3	 7,50000000000000E+000	-2,25000000000000E+000	-9,01546737144144E+001	-9,10386679368384E+001	4,97930797140679E+000	 1,75577937201665E+002	-2,36928622762137E+000	1,75577937201665E+002	 1,28963621283728E+002	-1,66176708714298E+002	2,05141110417399E+002
                      	 8803	           4	 7,50000000000000E+000	-2,37500000000000E+000	-9,55065239637738E+001	-9,65145282900311E+001	9,70668228489696E+000	 1,92540461065428E+002	-1,31898546972565E+001	1,92540461065428E+002	 1,51951197508038E+002	-1,61072122893393E+002	2,07027570314734E+002
                      	 8804	           5	 7,50000000000000E+000	-2,50000000000000E+000	-1,01683814602610E+002	-1,02814193151703E+002	1,41919310635203E+001	 2,11339508392129E+002	-2,45273856995393E+001	2,11339508392129E+002	 1,77172325839108E+002	-1,55115308525646E+002	2,07278390102339E+002
           Plate\_1\_5	   80	           1	-7,50000000000000E+000	-2,50000000000000E+000	-9,95828467361894E+001	-1,00746102768321E+002	1,55435445584022E+001	 2,90581982044624E+002	-6,11579908256734E+001	2,90581982044624E+002	-1,77757719144990E+002	-2,08241439009808E+002	1,55278281720243E+002
 Element 14-22 (Plate)	   83	           2	-7,50000000000000E+000	-2,75000000000000E+000	-1,09885037098230E+002	-1,11290316438451E+002	2,29201412442731E+001	 2,57077702391878E+002	-6,85931679756814E+001	2,57077702391878E+002	-1,09310192041445E+002	-2,02058387357358E+002	1,40695046038219E+002
                (ERSS)	   82	           3	-7,50000000000000E+000	-3,00000000000000E+000	-1,19730656265147E+002	-1,21362821018685E+002	2,90086937631342E+001	 2,24112367700606E+002	-8,01740189880030E+001	2,24311109268910E+002	-4,91875153960804E+001	-1,89241376362782E+002	1,22600378581231E+002
                      	   81	           4	-7,50000000000000E+000	-3,25000000000000E+000	-1,28769491882405E+002	-1,30641674367692E+002	3,38211921280930E+001	 1,92434771069700E+002	-9,64477853178167E+001	1,94746887379711E+002	 2,87914269068078E+000	-1,71062098356399E+002	1,02724669648978E+002
                      	  188	           5	-7,50000000000000E+000	-3,50000000000000E+000	-1,36651331595469E+002	-1,38758212967456E+002	3,73696263522570E+001	 1,62793705598052E+002	-1,14959449388473E+002	1,68664893815168E+002	 4,72130263627894E+001	-1,60787721839846E+002	9,78521009320465E+001
           Plate\_2\_5	 8804	           1	 7,50000000000000E+000	-2,50000000000000E+000	-1,01178258484196E+002	-1,02308848881437E+002	1,44891554236714E+001	-2,86915230651709E+002	-2,86915230651709E+002	6,11634565013077E+001	 1,77172325839108E+002	-1,55115308525646E+002	2,07278390102339E+002
 Element 17-25 (Plate)	 8642	           2	 7,50000000000000E+000	-2,75000000000000E+000	-1,11154776233201E+002	-1,12528461361926E+002	2,20449658375132E+001	-2,54093315341087E+002	-2,54093315341087E+002	6,85894002673495E+001	 1,09507050820678E+002	-1,40409856759407E+002	2,01615454360809E+002
                (ERSS)	 8643	           3	 7,50000000000000E+000	-3,00000000000000E+000	-1,21214272512440E+002	-1,22827471155351E+002	2,80849363706563E+001	-2,20664590864715E+002	-2,20818085124468E+002	8,05596188309315E+001	 5,02065534066695E+001	-1,22184539148409E+002	1,89316494695250E+002
                      	 8644	           4	 7,50000000000000E+000	-3,25000000000000E+000	-1,30457119640667E+002	-1,32305941154656E+002	3,28155140692901E+001	-1,88548746600727E+002	-1,90199781542857E+002	9,67703458897097E+001	-9,60091140727030E-001	-1,02811641704657E+002	1,71578898703289E+002
                      	 9799	           5	 7,50000000000000E+000	-3,50000000000000E+000	-1,37983689936641E+002	-1,40063934252784E+002	3,64431459796041E+001	-1,59665471927258E+002	-1,65160200506891E+002	1,15464007594358E+002	-4,43674020371415E+001	-9,62722535624849E+001	1,60776974325916E+002
           Plate\_1\_6	  188	           1	-7,50000000000000E+000	-3,50000000000000E+000	-1,34061693013375E+002	-1,36169010757020E+002	4,03317928497430E+001	 1,68346758614116E+002	-1,18663366264921E+002	1,70773827001881E+002	 4,72130263627893E+001	-1,60787721839846E+002	9,78521009320465E+001
 Element 18-26 (Plate)	  191	           2	-7,50000000000000E+000	-3,87500000000000E+000	-1,50713455022301E+002	-1,53161213842539E+002	3,89848003837034E+001	 1,12609594166895E+002	-1,23684381935101E+002	1,34541357127289E+002	 9,91466484393077E+001	-1,57347931387006E+002	1,21029360796889E+002
                (ERSS)	  190	           3	-7,50000000000000E+000	-4,25000000000000E+000	-1,60863983396571E+002	-1,63642075397601E+002	3,74503156609274E+001	 6,97699507824959E+001	-1,23386457039271E+002	1,05406905378999E+002	 1,33498704231034E+002	-1,59485756366087E+002	1,66027518628275E+002
                      	  189	           4	-7,50000000000000E+000	-4,62500000000000E+000	-1,69311789946391E+002	-1,72410385901602E+002	3,57511829795831E+001	 2,94675619109141E+001	-1,18453914652087E+002	8,12989311802042E+001	 1,51803191016404E+002	-1,62951796219039E+002	2,00264473154444E+002
                      	  416	           5	-7,50000000000000E+000	-5,00000000000000E+000	-1,80855386481967E+002	-1,84264935833938E+002	4,01085665993626E+001	-1,86578389978556E+001	-1,10407098752452E+002	7,74527807091294E+001	 1,54404869436002E+002	-1,68315206385771E+002	2,24101568121483E+002
           Plate\_2\_6	 9799	           1	 7,50000000000000E+000	-3,50000000000000E+000	-1,36038901012301E+002	-1,38119397901200E+002	3,93919899338932E+001	-1,63817033677590E+002	-1,65736049213202E+002	1,18280385471828E+002	-4,43674020371416E+001	-9,62722535624849E+001	1,60776974325916E+002
 Element 21-29 (Plate)	 9800	           2	 7,50000000000000E+000	-3,87500000000000E+000	-1,51532917580423E+002	-1,53952418669625E+002	3,81204325987477E+001	-1,10613511451750E+002	-1,33456982506976E+002	1,24887820095806E+002	-9,51320736722750E+001	-1,20782411466899E+002	1,57060679655425E+002
                (ERSS)	 9801	           3	 7,50000000000000E+000	-4,25000000000000E+000	-1,61232207686165E+002	-1,63982030686977E+002	3,66387088501262E+001	-6,87518394573036E+001	-1,06055454919536E+002	1,24069917909684E+002	-1,28957780559299E+002	-1,62828253900338E+002	1,59044331286611E+002
                      	 9802	           4	 7,50000000000000E+000	-4,62500000000000E+000	-1,69856767358060E+002	-1,72928790245112E+002	3,49735305653735E+001	-2,80542162015894E+001	-8,11723848645340E+001	1,17786113560388E+002	-1,46853297913132E+002	-1,97533137410303E+002	1,62407431892300E+002
                      	10469	           5	 7,50000000000000E+000	-5,00000000000000E+000	-1,82126592624640E+002	-1,85513253635892E+002	3,97136455919448E+001	 2,16571598080527E+001	-7,76658174548659E+001	1,07995841694840E+002	-1,48659055070631E+002	-2,22144999199246E+002	1,66262183883502E+002
           Plate\_1\_7	  416	           1	-7,50000000000000E+000	-5,00000000000000E+000	-1,78358018176873E+002	-1,81774261125712E+002	4,09017038929366E+001	-1,33654080077104E+001	-1,08898270164973E+002	7,85398776498060E+001	 1,54404869436002E+002	-1,68315206385771E+002	2,24101568121483E+002
 Element 22-30 (Plate)	  419	           2	-7,50000000000000E+000	-5,13750000000000E+000	-1,81541168791457E+002	-1,85102802372707E+002	4,55939766530369E+001	-2,91638219450314E+001	-1,03233592651134E+002	7,92334119574796E+001	 1,51493150687770E+002	-1,69463992822479E+002	2,30169189333849E+002
                (ERSS)	  418	           3	-7,50000000000000E+000	-5,27500000000000E+000	-1,85112184349623E+002	-1,88819299605106E+002	4,94429544003687E+001	-4,59480299025717E+001	-9,97700527749494E+001	8,18123414910688E+001	 1,46338886378917E+002	-1,70342895977704E+002	2,34771133677013E+002
                      	  417	           4	-7,50000000000000E+000	-5,41250000000000E+000	-1,89076720873642E+002	-1,92929434731441E+002	5,25703970441038E+001	-6,37247349923040E+001	-9,63266606506662E+001	8,20272438596854E+001	 1,38809057269723E+002	-1,70016652759444E+002	2,37886544753670E+002
                      	  493	           5	-7,50000000000000E+000	-5,55000000000000E+000	-1,93440434385784E+002	-1,97438889660245E+002	5,67733040469499E+001	-8,25006403262010E+001	-9,13969576988314E+001	8,50248742117465E+001	 1,28769585797960E+002	-1,74341870621914E+002	2,39495531794659E+002
           Plate\_2\_7	10469	           1	 7,50000000000000E+000	-5,00000000000000E+000	-1,79287134079182E+002	-1,82683094003945E+002	4,04418044635754E+001	 1,56280269282484E+001	-7,85081729144841E+001	1,07686535322118E+002	-1,48659055070632E+002	-2,22144999199246E+002	1,66262183883503E+002
 Element 25-33 (Plate)	10470	           2	 7,50000000000000E+000	-5,13750000000000E+000	-1,81649945334877E+002	-1,85191914827200E+002	4,51564240251385E+001	 2,97010612247501E+001	-7,92537088094264E+001	1,02547247636776E+002	-1,45553228034170E+002	-2,28545333944416E+002	1,67388119101521E+002
                (ERSS)	10471	           3	 7,50000000000000E+000	-5,27500000000000E+000	-1,84469174097525E+002	-1,88156791862566E+002	4,90154612472006E+001	 4,49070720318683E+001	-8,16818174470434E+001	1,01326667494299E+002	-1,40440871230187E+002	-2,33508098550799E+002	1,68520485374394E+002
                      	10472	           4	 7,50000000000000E+000	-5,41250000000000E+000	-1,87882698066695E+002	-1,91715747690594E+002	5,25774762967114E+001	 6,15342120875002E+001	-8,18417673706548E+001	9,81206350628455E+001	-1,33135829119305E+002	-2,37006031678832E+002	1,69106573307099E+002
                      	10488	           5	 7,50000000000000E+000	-5,55000000000000E+000	-1,92028394941958E+002	-1,96006804891835E+002	5,67605983120988E+001	 7,98706341295431E+001	-8,46555387360919E+001	8,84812316130301E+001	-1,23439154064935E+002	-2,39013132061417E+002	1,74026869363399E+002
           Plate\_1\_8	  493	           1	-7,50000000000000E+000	-5,55000000000000E+000	-1,93340744295308E+002	-1,97339649560880E+002	5,67049493887807E+001	-8,22956338311245E+001	-8,97453832924310E+001	8,49817955254087E+001	 1,28769585797959E+002	-1,74341870621914E+002	2,39495531794659E+002
 Element 27-49 (Plate)	  496	           2	-7,50000000000000E+000	-5,66250000000000E+000	-1,96822969716979E+002	-2,00942072412580E+002	5,98076859906394E+001	-9,75894391907762E+001	-9,75894391907762E+001	8,45244902856059E+001	 1,18657193082259E+002	-1,79275946347222E+002	2,39681988497140E+002
                (ERSS)	  495	           3	-7,50000000000000E+000	-5,77500000000000E+000	-2,00434041916653E+002	-2,04674771401390E+002	6,33207182585851E+001	-1,13279076371356E+002	-1,13279076371356E+002	8,71957120323830E+001	 1,06796587033399E+002	-1,84471050815245E+002	2,38835409805367E+002
                      	  494	           4	-7,50000000000000E+000	-5,88750000000000E+000	-2,04182102370462E+002	-2,08545851916039E+002	6,73367310876735E+001	-1,29377412307540E+002	-1,29377412307540E+002	8,80504322050792E+001	 9,31481925013073E+001	-1,89622621024517E+002	2,36947327414912E+002
                      	  881	           5	-7,50000000000000E+000	-6,00000000000000E+000	-2,08075292554537E+002	-2,12563419345255E+002	7,08362633970255E+001	-1,45897313934005E+002	-1,45897313934005E+002	8,91925040988587E+001	 7,76714081189076E+001	-1,94566135252983E+002	2,34005250954157E+002
           Plate\_2\_8	10488	           1	 7,50000000000000E+000	-5,55000000000000E+000	-1,91945693876877E+002	-1,95924693935917E+002	5,66967826282475E+001	 7,97039693383784E+001	-8,46420321853521E+001	8,77883333160877E+001	-1,23439154064935E+002	-2,39013132061417E+002	1,74026869363399E+002
 Element 30-52 (Plate)	10489	           2	 7,50000000000000E+000	-5,66250000000000E+000	-1,95506315209747E+002	-1,99604924413139E+002	5,99313242758039E+001	 9,51810812919300E+001	-8,41558172126200E+001	9,51810812919300E+001	-1,13611790142015E+002	-2,39532618851247E+002	1,80141370259221E+002
                (ERSS)	10490	           3	 7,50000000000000E+000	-5,77500000000000E+000	-1,99382807635560E+002	-2,03602955590853E+002	6,30094261379074E+001	 1,11459264447213E+002	-8,68605936350465E+001	1,11459264447213E+002	-1,01992788958744E+002	-2,39025727423230E+002	1,85458289405881E+002
                      	10491	           4	 7,50000000000000E+000	-5,88750000000000E+000	-2,03579906017866E+002	-2,07923481036267E+002	6,70297100734868E+001	 1,28547103604463E+002	-8,74334003962059E+001	1,28547103604463E+002	-8,84973140657864E+001	-2,37481571414695E+002	1,90011332004985E+002
                      	10492	           5	 7,50000000000000E+000	-6,00000000000000E+000	-2,08102345220218E+002	-2,12571194316588E+002	7,06349787586906E+001	 1,46453183563916E+002	-8,84947299214520E+001	1,46453183563916E+002	-7,30396205835474E+001	-2,34889752880946E+002	1,93785081136870E+002
           Plate\_1\_9	  881	           1	-7,50000000000000E+000	-6,00000000000000E+000	-2,07553512217234E+002	-2,12039345475901E+002	7,16175285529978E+001	 1,54612013792800E+002	-7,14450665845569E+001	1,54612013792800E+002	 7,76714081189079E+001	-1,94566135252983E+002	2,34005250954157E+002
 Element 31-53 (Plate)	  884	           2	-7,50000000000000E+000	-6,25000000000000E+000	-2,11982406131673E+002	-2,16752011486945E+002	7,81716619025902E+001	 1,26365760490176E+002	-7,56841860236385E+001	1,26365760490176E+002	 1,12682113682384E+002	-2,00485677741123E+002	2,23674813612073E+002
                (ERSS)	  883	           3	-7,50000000000000E+000	-6,50000000000000E+000	-2,14573499150534E+002	-2,19623705671458E+002	8,48649980732420E+001	 1,01663261579980E+002	-8,55820616335291E+001	1,01663261579980E+002	 1,41167746479987E+002	-2,02120426142226E+002	2,08001716335743E+002
                      	  882	           4	-7,50000000000000E+000	-6,75000000000000E+000	-2,15912239052951E+002	-2,21240085523050E+002	9,13920616911464E+001	 7,90830470338642E+001	-1,02774083226447E+002	9,13429742331867E+001	 1,63702253962361E+002	-1,97343942493081E+002	1,89050038689058E+002
                      	 1868	           5	-7,50000000000000E+000	-7,00000000000000E+000	-2,16584073618059E+002	-2,22186808535335E+002	9,67887287757033E+001	 5,72036468234785E+001	-1,22136119013139E+002	9,32383652569280E+001	 1,80749337677344E+002	-1,86539057159427E+002	1,82092309335945E+002
           Plate\_2\_9	10492	           1	 7,50000000000000E+000	-6,00000000000000E+000	-2,05327866384590E+002	-2,09793321299689E+002	7,13638599585845E+001	-1,59032252815992E+002	-1,59032252815992E+002	7,27997492030073E+001	-7,30396205835475E+001	-2,34889752880946E+002	1,93785081136870E+002
 Element 34-56 (Plate)	10136	           2	 7,50000000000000E+000	-6,25000000000000E+000	-2,10082187918485E+002	-2,14830197746714E+002	7,84879232877575E+001	-1,30008384344171E+002	-1,30008384344171E+002	7,65097925925923E+001	-1,09046077779439E+002	-2,25325267963266E+002	1,97972678956106E+002
                (ERSS)	10137	           3	 7,50000000000000E+000	-6,50000000000000E+000	-2,12822688347288E+002	-2,17850285594080E+002	8,58387218358267E+001	-1,04918994167734E+002	-1,04918994167734E+002	8,78443652095985E+001	-1,38392300711603E+002	-2,10388373664798E+002	1,98946841986683E+002
                      	10138	           4	 7,50000000000000E+000	-6,75000000000000E+000	-2,14199885750223E+002	-2,19504738739087E+002	9,17411616399180E+001	-8,21672818880460E+001	-9,10258959456482E+001	1,04344852018362E+002	-1,61712400370724E+002	-1,90788314960200E+002	1,93783691649207E+002
                      	10135	           5	 7,50000000000000E+000	-7,00000000000000E+000	-2,14864298206511E+002	-2,20444711079039E+002	9,58539526130850E+001	-6,01564471064720E+001	-9,41821799523498E+001	1,22734584123995E+002	-1,79516859310987E+002	-1,79747528175760E+002	1,82691290262182E+002
          Plate\_1\_10	 1868	           1	-7,50000000000000E+000	-7,00000000000000E+000	-2,16849692243807E+002	-2,22453515301244E+002	9,96811208689658E+001	 5,67908070788535E+001	-1,18345874731392E+002	9,91130139783857E+001	 1,80749337677344E+002	-1,86539057159427E+002	1,82092309335945E+002
 Element 35-57 (Plate)	 1871	           2	-7,50000000000000E+000	-7,38750000000000E+000	-2,18683881734938E+002	-2,24717029817559E+002	1,06718815116202E+002	 2,01359259235602E+001	-1,38629928417172E+002	9,65671265958082E+001	 1,95659307951590E+002	-1,71187692743482E+002	1,95659307951590E+002
                (ERSS)	 1870	           3	-7,50000000000000E+000	-7,77500000000000E+000	-2,20390879250716E+002	-2,26861742222707E+002	1,16750018485196E+002	-1,72299520483220E+001	-1,50046255160161E+002	1,02125442808448E+002	 1,96268392673505E+002	-1,59042029460966E+002	1,96350258699817E+002
                      	 1869	           4	-7,50000000000000E+000	-8,16250000000000E+000	-2,22022253944750E+002	-2,28940105085277E+002	1,19581002706095E+002	-5,57851350353923E+001	-1,56719560321436E+002	9,52910349727621E+001	 1,82149473160068E+002	-1,59724666985468E+002	1,82828119697730E+002
                      	 1888	           5	-7,50000000000000E+000	-8,55000000000000E+000	-2,23629574970651E+002	-2,31004570973857E+002	1,15343784521667E+002	-9,60079312362500E+001	-1,64040348577569E+002	8,13635472653509E+001	 1,52814127013674E+002	-1,66070544404705E+002	1,54410943682710E+002
          Plate\_2\_10	10135	           1	 7,50000000000000E+000	-7,00000000000000E+000	-2,15012483594390E+002	-2,20597019708420E+002	9,86633330176983E+001	-6,03226000869296E+001	-9,91939173177795E+001	1,19789403187213E+002	-1,79516859310987E+002	-1,79747528175760E+002	1,82691290262182E+002
 Element 38-60 (Plate)	10118	           2	 7,50000000000000E+000	-7,38750000000000E+000	-2,16822745451387E+002	-2,22821198847660E+002	1,08596505471093E+002	-2,37700429511645E+001	-9,73753698587005E+001	1,33063302977860E+002	-1,95831969617071E+002	-1,95831969617071E+002	1,68302551935827E+002
                (ERSS)	10119	           3	 7,50000000000000E+000	-7,77500000000000E+000	-2,18503403730290E+002	-2,24931555411309E+002	1,17770285619989E+002	 1,37366151993431E+001	-1,01362400031394E+002	1,45877719201025E+002	-1,97814793627261E+002	-1,97864865275984E+002	1,58843284400556E+002
                      	10120	           4	 7,50000000000000E+000	-8,16250000000000E+000	-2,20094280783349E+002	-2,26968836564507E+002	1,19825278587582E+002	 5,23981778201768E+001	-9,42107046302636E+001	1,53484229833177E+002	-1,85034537584391E+002	-1,85710400535886E+002	1,53192464144511E+002
                      	10285	           5	 7,50000000000000E+000	-8,55000000000000E+000	-2,21635198962814E+002	-2,28973789472394E+002	1,15495143337681E+002	 9,24154483669201E+001	-8,01831691873213E+001	1,58760985224873E+002	-1,57031863262923E+002	-1,58683774899418E+002	1,68398596349932E+002
           Plate\_4\_1	 3482	           1	-5,00000000000000E+000	-8,55000000000000E+000	-5,70262482375787E+000	-5,70262482375787E+000	0,00000000000000E+000	-3,21054916286836E+001	-3,21054916286836E+001	0,00000000000000E+000	 1,34378619343067E-013	-2,89948620668667E-013	1,34378619343067E-013
 Element 39-61 (Plate)	 3476	           2	-4,75000000000000E+000	-8,55000000000000E+000	-5,78576395146205E+000	-5,78576395146205E+000	0,00000000000000E+000	-3,05407431958266E+001	-3,05407431958266E+001	0,00000000000000E+000	-7,83263531440554E+000	-7,83263531440554E+000	0,00000000000000E+000
      (Permanent Wall)	 3477	           3	-4,50000000000000E+000	-8,55000000000000E+000	-5,80628765579048E+000	-5,80628765579048E+000	0,00000000000000E+000	-2,88786121022637E+001	-2,88786121022637E+001	0,00000000000000E+000	-1,52610544961766E+001	-1,52610544961766E+001	0,00000000000000E+000
                      	 3478	           4	-4,25000000000000E+000	-8,55000000000000E+000	-5,79147936730563E+000	-5,79147936730563E+000	0,00000000000000E+000	-2,71931521600602E+001	-2,71931521600602E+001	0,00000000000000E+000	-2,22733353838811E+001	-2,22733353838811E+001	0,00000000000000E+000
                      	 3498	           5	-4,00000000000000E+000	-8,55000000000000E+000	-5,76862251656998E+000	-5,76862251656998E+000	0,00000000000000E+000	-2,55584171812816E+001	-2,55584171812816E+001	0,00000000000000E+000	-2,88630616059663E+001	-2,88630616059663E+001	0,00000000000000E+000
           Plate\_4\_1	 3498	           1	-4,00000000000000E+000	-8,55000000000000E+000	-5,75361329480617E+000	-5,75361329480617E+000	0,00000000000000E+000	-2,55400468405581E+001	-2,55400468405581E+001	0,00000000000000E+000	-2,88630616059661E+001	-2,88630616059661E+001	0,00000000000000E+000
 Element 39-62 (Plate)	 3492	           2	-3,75000000000000E+000	-8,55000000000000E+000	-5,82067552063878E+000	-5,82067552063878E+000	0,00000000000000E+000	-2,40000454046794E+001	-2,40000454046794E+001	0,00000000000000E+000	-3,50593042389150E+001	-3,50593042389150E+001	0,00000000000000E+000
      (Permanent Wall)	 3493	           3	-3,50000000000000E+000	-8,55000000000000E+000	-5,84043195099371E+000	-5,84043195099371E+000	0,00000000000000E+000	-2,23387228869437E+001	-2,23387228869437E+001	0,00000000000000E+000	-4,08511073091214E+001	-4,08511073091214E+001	0,00000000000000E+000
                      	 3494	           4	-3,25000000000000E+000	-8,55000000000000E+000	-5,82494616869381E+000	-5,82494616869381E+000	0,00000000000000E+000	-2,06767141200065E+001	-2,06767141200065E+001	0,00000000000000E+000	-4,62311898575908E+001	-4,62311898575908E+001	0,00000000000000E+000
                      	 3514	           5	-3,00000000000000E+000	-8,55000000000000E+000	-5,78628175656197E+000	-5,78628175656197E+000	0,00000000000000E+000	-1,91346539365233E+001	-1,91346539365233E+001	0,00000000000000E+000	-5,12013270543170E+001	-5,12013270543170E+001	0,00000000000000E+000
           Plate\_4\_1	 3514	           1	-3,00000000000000E+000	-8,55000000000000E+000	-5,77378366801871E+000	-5,77378366801871E+000	0,00000000000000E+000	-1,90914231458896E+001	-1,90914231458896E+001	0,00000000000000E+000	-5,12013270543170E+001	-5,12013270543170E+001	0,00000000000000E+000
 Element 39-63 (Plate)	 3508	           2	-2,75000000000000E+000	-8,55000000000000E+000	-5,83852609884871E+000	-5,83852609884871E+000	0,00000000000000E+000	-1,75283105282678E+001	-1,75283105282678E+001	0,00000000000000E+000	-5,57832315389882E+001	-5,57832315389882E+001	0,00000000000000E+000
      (Permanent Wall)	 3509	           3	-2,50000000000000E+000	-8,55000000000000E+000	-5,84839330031131E+000	-5,84839330031131E+000	0,00000000000000E+000	-1,58534411908334E+001	-1,58534411908334E+001	0,00000000000000E+000	-5,99539468951062E+001	-5,99539468951062E+001	0,00000000000000E+000
                      	 3510	           4	-2,25000000000000E+000	-8,55000000000000E+000	-5,83506092867803E+000	-5,83506092867803E+000	0,00000000000000E+000	-1,42122607577057E+001	-1,42122607577057E+001	0,00000000000000E+000	-6,37145899634153E+001	-6,37145899634153E+001	0,00000000000000E+000
                      	 4104	           5	-2,00000000000000E+000	-8,55000000000000E+000	-5,83020464022037E+000	-5,83020464022037E+000	0,00000000000000E+000	-1,27502148530038E+001	-1,27502148530038E+001	0,00000000000000E+000	-6,70772245262019E+001	-6,70772245262019E+001	0,00000000000000E+000
           Plate\_4\_1	 4104	           1	-2,00000000000000E+000	-8,55000000000000E+000	-5,81856368247382E+000	-5,81856368247382E+000	0,00000000000000E+000	-1,25771612983090E+001	-1,25771612983090E+001	0,00000000000000E+000	-6,70772245262013E+001	-6,70772245262013E+001	0,00000000000000E+000
 Element 39-64 (Plate)	 4098	           2	-1,75000000000000E+000	-8,55000000000000E+000	-5,84841883420470E+000	-5,84841883420470E+000	0,00000000000000E+000	-1,10693719452649E+001	-1,10693719452649E+001	0,00000000000000E+000	-7,00360672646904E+001	-7,00360672646904E+001	0,00000000000000E+000
      (Permanent Wall)	 4099	           3	-1,50000000000000E+000	-8,55000000000000E+000	-5,86142896333050E+000	-5,86142896333050E+000	0,00000000000000E+000	-9,46861805435646E+000	-9,46861805435646E+000	0,00000000000000E+000	-7,26028754564085E+001	-7,26028754564085E+001	0,00000000000000E+000
                      	 4100	           4	-1,25000000000000E+000	-8,55000000000000E+000	-5,85688266518468E+000	-5,85688266518468E+000	0,00000000000000E+000	-7,85535819705863E+000	-7,85535819705863E+000	0,00000000000000E+000	-7,47704288266964E+001	-7,47704288266964E+001	0,00000000000000E+000
                      	 4114	           5	-9,99999999999999E-001	-8,55000000000000E+000	-5,83406853510070E+000	-5,83406853510070E+000	0,00000000000000E+000	-6,31005094484648E+000	-6,31005094484648E+000	0,00000000000000E+000	-7,65375063790143E+001	-7,65375063790143E+001	0,00000000000000E+000
           Plate\_4\_1	 4114	           1	-9,99999999999999E-001	-8,55000000000000E+000	-5,83391414492286E+000	-5,83391414492286E+000	0,00000000000000E+000	-6,25780628013064E+000	-6,25780628013064E+000	0,00000000000000E+000	-7,65375063790145E+001	-7,65375063790145E+001	0,00000000000000E+000
 Element 39-65 (Plate)	 3990	           2	-7,49999999999999E-001	-8,55000000000000E+000	-5,85720261865185E+000	-5,85720261865185E+000	0,00000000000000E+000	-4,72398312572100E+000	-4,72398312572100E+000	0,00000000000000E+000	-7,79117749501475E+001	-7,79117749501475E+001	0,00000000000000E+000
      (Permanent Wall)	 3991	           3	-4,99999999999999E-001	-8,55000000000000E+000	-5,86618930475687E+000	-5,86618930475687E+000	0,00000000000000E+000	-3,14636704913083E+000	-3,14636704913083E+000	0,00000000000000E+000	-7,88951110379306E+001	-7,88951110379306E+001	0,00000000000000E+000
                      	 3992	           4	-2,49999999999999E-001	-8,55000000000000E+000	-5,86104072717145E+000	-5,86104072717145E+000	0,00000000000000E+000	-1,56700059253117E+000	-1,56700059253117E+000	0,00000000000000E+000	-7,94851762639214E+001	-7,94851762639214E+001	0,00000000000000E+000
                      	 4598	           5	 8,88178419700125E-016	-8,55000000000000E+000	-5,84192340982907E+000	-5,84192340982907E+000	0,00000000000000E+000	-2,79262980930506E-002	-2,79262980930506E-002	0,00000000000000E+000	-7,96827066634119E+001	-7,96827066634119E+001	0,00000000000000E+000
           Plate\_4\_1	 4598	           1	 8,88178419700125E-016	-8,55000000000000E+000	-5,84187133037955E+000	-5,84187133037955E+000	0,00000000000000E+000	 2,34769948472029E-002	 0,00000000000000E+000	2,34769948472029E-002	-7,96827066634121E+001	-7,96827066634121E+001	0,00000000000000E+000
 Element 39-66 (Plate)	 4599	           2	 2,50000000000002E-001	-8,55000000000000E+000	-5,86178306528183E+000	-5,86178306528183E+000	0,00000000000000E+000	 1,56241876567050E+000	 0,00000000000000E+000	1,56241876567050E+000	-7,94863450634050E+001	-7,94863450634050E+001	0,00000000000000E+000
      (Permanent Wall)	 4600	           3	 5,00000000000000E-001	-8,55000000000000E+000	-5,86787062697507E+000	-5,86787062697507E+000	0,00000000000000E+000	 3,14261963619487E+000	 0,00000000000000E+000	3,14261963619487E+000	-7,88973079602344E+001	-7,88973079602344E+001	0,00000000000000E+000
                      	 4601	           4	 7,50000000000001E-001	-8,55000000000000E+000	-5,85959917775775E+000	-5,85959917775775E+000	0,00000000000000E+000	 4,72110272240101E+000	 0,00000000000000E+000	4,72110272240101E+000	-7,79148151742814E+001	-7,79148151742814E+001	0,00000000000000E+000
                      	 5202	           5	 1,00000000000000E+000	-8,55000000000000E+000	-5,83643387992835E+000	-5,83643387992835E+000	0,00000000000000E+000	 6,25489114026962E+000	 0,00000000000000E+000	6,25489114026962E+000	-7,65412320643809E+001	-7,65412320643809E+001	0,00000000000000E+000
           Plate\_4\_1	 5202	           1	 1,00000000000000E+000	-8,55000000000000E+000	-5,83671139441871E+000	-5,83671139441871E+000	0,00000000000000E+000	 6,30714660945232E+000	 0,00000000000000E+000	6,30714660945232E+000	-7,65412320643807E+001	-7,65412320643807E+001	0,00000000000000E+000
 Element 39-67 (Plate)	 5203	           2	 1,25000000000000E+000	-8,55000000000000E+000	-5,86041732724503E+000	-5,86041732724503E+000	0,00000000000000E+000	 7,85293896196784E+000	 0,00000000000000E+000	7,85293896196784E+000	-7,47748549495670E+001	-7,47748549495670E+001	0,00000000000000E+000
      (Permanent Wall)	 5204	           3	 1,50000000000000E+000	-8,55000000000000E+000	-5,86567361052033E+000	-5,86567361052033E+000	0,00000000000000E+000	 9,46737416498370E+000	 0,00000000000000E+000	9,46737416498370E+000	-7,26077393164749E+001	-7,26077393164749E+001	0,00000000000000E+000
                      	 5205	           4	 1,75000000000000E+000	-8,55000000000000E+000	-5,85318087433380E+000	-5,85318087433380E+000	0,00000000000000E+000	 1,10690257236159E+001	 0,00000000000000E+000	1,10690257236159E+001	-7,00411386033668E+001	-7,00411386033668E+001	0,00000000000000E+000
                      	 5394	           5	 2,00000000000000E+000	-8,55000000000000E+000	-5,82363974877465E+000	-5,82363974877465E+000	0,00000000000000E+000	 1,25764671429805E+001	 0,00000000000000E+000	1,25764671429805E+001	-6,70823791949706E+001	-6,70823791949706E+001	0,00000000000000E+000
           Plate\_4\_1	 5394	           1	 2,00000000000000E+000	-8,55000000000000E+000	-5,83508553275168E+000	-5,83508553275168E+000	0,00000000000000E+000	 1,27497404102483E+001	 0,00000000000000E+000	1,27497404102483E+001	-6,70823791949708E+001	-6,70823791949708E+001	0,00000000000000E+000
 Element 39-68 (Plate)	 5388	           2	 2,25000000000000E+000	-8,55000000000000E+000	-5,84083500732677E+000	-5,84083500732677E+000	0,00000000000000E+000	 1,42122291988005E+001	 0,00000000000000E+000	1,42122291988005E+001	-6,37198229756210E+001	-6,37198229756210E+001	0,00000000000000E+000
      (Permanent Wall)	 5389	           3	 2,50000000000000E+000	-8,55000000000000E+000	-5,85458510519135E+000	-5,85458510519135E+000	0,00000000000000E+000	 1,58541195305712E+001	 0,00000000000000E+000	1,58541195305712E+001	-5,99590886822874E+001	-5,99590886822874E+001	0,00000000000000E+000
                      	 5390	           4	 2,75000000000000E+000	-8,55000000000000E+000	-5,84506224749766E+000	-5,84506224749766E+000	0,00000000000000E+000	 1,75295211850026E+001	 0,00000000000000E+000	1,75295211850026E+001	-5,57881400934486E+001	-5,57881400934486E+001	0,00000000000000E+000
                      	 6340	           5	 3,00000000000000E+000	-8,55000000000000E+000	-5,78099285539794E+000	-5,78099285539794E+000	0,00000000000000E+000	 1,90925439415366E+001	 0,00000000000000E+000	1,90925439415366E+001	-5,12059217553594E+001	-5,12059217553594E+001	0,00000000000000E+000
           Plate\_4\_1	 6340	           1	 3,00000000000000E+000	-8,55000000000000E+000	-5,79336224741983E+000	-5,79336224741983E+000	0,00000000000000E+000	 1,91358919091461E+001	 0,00000000000000E+000	1,91358919091461E+001	-5,12059217553594E+001	-5,12059217553594E+001	0,00000000000000E+000
 Element 39-69 (Plate)	 6341	           2	 3,25000000000000E+000	-8,55000000000000E+000	-5,83253673152163E+000	-5,83253673152163E+000	0,00000000000000E+000	 2,06783276880998E+001	 0,00000000000000E+000	2,06783276880998E+001	-4,62354088544324E+001	-4,62354088544324E+001	0,00000000000000E+000
      (Permanent Wall)	 6342	           3	 3,50000000000000E+000	-8,55000000000000E+000	-5,84845537908906E+000	-5,84845537908906E+000	0,00000000000000E+000	 2,23403225306604E+001	 0,00000000000000E+000	2,23403225306604E+001	-4,08549351742938E+001	-4,08549351742938E+001	0,00000000000000E+000
                      	 6343	           4	 3,75000000000000E+000	-8,55000000000000E+000	-5,82906805446944E+000	-5,82906805446944E+000	0,00000000000000E+000	 2,40017659709039E+001	 0,00000000000000E+000	2,40017659709039E+001	-3,50627119978565E+001	-3,50627119978565E+001	0,00000000000000E+000
                      	 7442	           5	 4,00000000000000E+000	-8,55000000000000E+000	-5,76232462201005E+000	-5,76232462201005E+000	0,00000000000000E+000	 2,55425475429063E+001	 0,00000000000000E+000	2,55425475429063E+001	-2,88659667773287E+001	-2,88659667773287E+001	0,00000000000000E+000
           Plate\_4\_1	 7442	           1	 4,00000000000000E+000	-8,55000000000000E+000	-5,77735625667629E+000	-5,77735625667629E+000	0,00000000000000E+000	 2,55605079940281E+001	 0,00000000000000E+000	2,55605079940281E+001	-2,88659667773291E+001	-2,88659667773291E+001	0,00000000000000E+000
 Element 39-70 (Plate)	 7446	           2	 4,25000000000000E+000	-8,55000000000000E+000	-5,80049099794193E+000	-5,80049099794193E+000	0,00000000000000E+000	 2,71957912810493E+001	 0,00000000000000E+000	2,71957912810493E+001	-2,22756312913726E+001	-2,22756312913726E+001	0,00000000000000E+000
      (Permanent Wall)	 7447	           3	 4,50000000000000E+000	-8,55000000000000E+000	-5,81561379839037E+000	-5,81561379839037E+000	0,00000000000000E+000	 2,88814333695335E+001	 0,00000000000000E+000	2,88814333695335E+001	-1,52626776300394E+001	-1,52626776300394E+001	0,00000000000000E+000
                      	 7448	           4	 4,75000000000000E+000	-8,55000000000000E+000	-5,79534205444526E+000	-5,79534205444526E+000	0,00000000000000E+000	 3,05438724822660E+001	 0,00000000000000E+000	3,05438724822660E+001	-7,83350977848947E+000	-7,83350977848947E+000	0,00000000000000E+000
                      	 8661	           5	 5,00000000000000E+000	-8,55000000000000E+000	-5,71229316253026E+000	-5,71229316253026E+000	0,00000000000000E+000	 3,21095468420323E+001	 0,00000000000000E+000	3,21095468420323E+001	-4,75175454539567E-014	-2,00395255944841E-013	0,00000000000000E+000
          Plate\_1\_11	 1888	           1	-7,50000000000000E+000	-8,55000000000000E+000	-2,23592376336884E+002	-2,30984719418889E+002	1,17269508616524E+002	-9,02210048336180E+001	-1,59736830956683E+002	8,18760271926384E+001	 1,52814127013674E+002	-1,66070544404705E+002	1,54410943682710E+002
 Element 40-71 (Plate)	 1891	           2	-7,50000000000000E+000	-8,72500000000000E+000	-2,24375745555155E+002	-2,31929392585288E+002	1,16448606644791E+002	-1,08703798690922E+002	-1,61807879806746E+002	7,78975431931376E+001	 1,35407521048615E+002	-1,74918404786811E+002	1,36572186519811E+002
                (ERSS)	 1890	           3	-7,50000000000000E+000	-8,90000000000000E+000	-2,25177477718877E+002	-2,32858348539197E+002	1,15524505450205E+002	-1,27088896956503E+002	-1,59682119916530E+002	7,55197346303934E+001	 1,14774836802276E+002	-1,86116198703231E+002	1,15542343911242E+002
                      	 1889	           4	-7,50000000000000E+000	-9,07500000000000E+000	-2,25991202376797E+002	-2,33776915071657E+002	1,14501595262573E+002	-1,45622402143487E+002	-1,64120596284249E+002	7,52568536193603E+001	 9,09074747474481E+001	-1,98617782957106E+002	9,12928949758594E+001
                      	 1908	           5	-7,50000000000000E+000	-9,25000000000000E+000	-2,26810549077667E+002	-2,34690419973710E+002	1,13384266311700E+002	-1,64550416765002E+002	-1,72228742990214E+002	7,46280252233169E+001	 6,37826517962500E+001	-2,11677926199540E+002	6,37942743702820E+001
          Plate\_2\_11	10285	           1	 7,50000000000000E+000	-8,55000000000000E+000	-2,21625402409443E+002	-2,28978024003436E+002	1,17323309642236E+002	 8,65328902341416E+001	-8,16974612075419E+001	1,62059385931183E+002	-1,57031863262923E+002	-1,58683774899417E+002	1,68398596349932E+002
 Element 41-72 (Plate)	10286	           2	 7,50000000000000E+000	-8,72500000000000E+000	-2,22374094300284E+002	-2,29888992811298E+002	1,16447667591736E+002	 1,05075670627774E+002	-7,78890147700285E+001	1,62887012460755E+002	-1,40264904045180E+002	-1,41478132990076E+002	1,71895960559638E+002
                (ERSS)	10287	           3	 7,50000000000000E+000	-8,90000000000000E+000	-2,23155494844471E+002	-2,30797515006447E+002	1,15476278230088E+002	 1,23438682831622E+002	-7,64462375811863E+001	1,59381053952718E+002	-1,20266661360653E+002	-1,21088363029547E+002	1,78953369603298E+002
                      	10288	           4	 7,50000000000000E+000	-9,07500000000000E+000	-2,23958175565780E+002	-2,31703860700544E+002	1,14414091313685E+002	 1,41813465255050E+002	-7,47245788365665E+001	1,59878588724527E+002	-9,70506941319394E+001	-9,74829572605694E+001	1,94580774889221E+002
                      	10525	           5	 7,50000000000000E+000	-9,25000000000000E+000	-2,24770707987988E+002	-2,32608300005249E+002	1,13266056598924E+002	 1,60391556307423E+002	-7,21494546722390E+001	1,71280289219935E+002	-7,06192932425321E+001	-7,06299279347917E+001	2,07910446789805E+002
          Plate\_1\_12	 1908	           1	-7,50000000000000E+000	-9,25000000000000E+000	-2,25955777575865E+002	-2,33972538548195E+002	1,13391359626263E+002	-1,63175558542646E+002	-1,70407276986536E+002	7,48432800239556E+001	 6,37826517962503E+001	-2,11677926199540E+002	6,37942743702820E+001
 Element 42-73 (Plate)	 1911	           2	-7,50000000000000E+000	-9,37500000000000E+000	-2,24709366676176E+002	-2,32255527799855E+002	1,12551520917759E+002	-1,73067746456883E+002	-1,74433702175844E+002	7,47569544994420E+001	 4,27141302636728E+001	-2,19741929696281E+002	4,27141302636728E+001
                (ERSS)	 1910	           3	-7,50000000000000E+000	-9,50000000000000E+000	-2,21597500801503E+002	-2,28698168107433E+002	1,11681623214112E+002	-1,78998492775197E+002	-1,80000655375634E+002	7,59470344142221E+001	 2,06918837277664E+001	-2,26067761270838E+002	2,06918837277664E+001
                      	 1909	           4	-7,50000000000000E+000	-9,62500000000000E+000	-2,17365394083087E+002	-2,24045998666162E+002	1,10783336681004E+002	-1,82560106278630E+002	-1,83384778393781E+002	7,79846113872855E+001	-1,94717418021321E+000	-2,30475144777759E+002	0,00000000000000E+000
                      	 2249	           5	-7,50000000000000E+000	-9,75000000000000E+000	-2,12758260652174E+002	-2,19044558671271E+002	1,09858331484115E+002	-1,85344895748226E+002	-1,86138097282506E+002	8,15646050579758E+001	-2,49269887339422E+001	-2,33225382482652E+002	0,00000000000000E+000
          Plate\_2\_12	10525	           1	 7,50000000000000E+000	-9,25000000000000E+000	-2,24034411865947E+002	-2,32006349738998E+002	1,13273237665146E+002	 1,59101123371738E+002	-7,27689078214263E+001	1,71253795089809E+002	-7,06192932425321E+001	-7,06299279347917E+001	2,07910446789805E+002
 Element 43-74 (Plate)	10526	           2	 7,50000000000000E+000	-9,37500000000000E+000	-2,22360591318222E+002	-2,29851521081865E+002	1,12417114355140E+002	 1,68164824618495E+002	-7,21234326319954E+001	1,73505767728793E+002	-5,01330814771058E+001	-5,01330814771058E+001	2,15368344105123E+002
                (ERSS)	10527	           3	 7,50000000000000E+000	-9,50000000000000E+000	-2,19295986546433E+002	-2,26334815405745E+002	1,11534589937972E+002	 1,74411355178708E+002	-7,54407112428196E+001	1,76553522889796E+002	-2,87002707032051E+001	-2,87002707032051E+001	2,20965125027327E+002
                      	10528	           4	 7,50000000000000E+000	-9,62500000000000E+000	-2,15198818100039E+002	-2,21816397933297E+002	1,10627318057381E+002	 1,78551472458042E+002	-7,90612650511014E+001	1,79425824220248E+002	-6,60788570586843E+000	-6,60788570586843E+000	2,24949701568659E+002
                      	10548	           5	 7,50000000000000E+000	-9,75000000000000E+000	-2,10427306528503E+002	-2,16656433887182E+002	1,09696952357104E+002	 1,81295933862163E+002	-8,02125977954567E+001	1,81851544521930E+002	 1,58843400147130E+001	 0,00000000000000E+000	2,26728614120705E+002
          Plate\_1\_13	 2249	           1	-7,50000000000000E+000	-9,75000000000000E+000	-2,12672748759432E+002	-2,18956804199299E+002	1,09860898149303E+002	-1,85430377211565E+002	-1,85957031650734E+002	8,14265224357124E+001	-2,49269887339420E+001	-2,33225382482652E+002	0,00000000000000E+000
 Element 44-75 (Plate)	 2248	           2	-7,50000000000000E+000	-9,81250000000000E+000	-2,10241179431572E+002	-2,16337514477358E+002	1,09392328651284E+002	-1,86575892475195E+002	-1,87090420044264E+002	8,31749531587568E+001	-3,65572598199352E+001	-2,34090033852744E+002	5,62954593507726E-008
                (ERSS)	 2247	           3	-7,50000000000000E+000	-9,87500000000000E+000	-2,07555717104770E+002	-2,13468908113894E+002	1,08921276057643E+002	-1,87163482050789E+002	-1,87661451476529E+002	8,48192535860156E+001	-4,82341242914023E+001	-2,34506900449841E+002	2,11044329838695E-007
                      	 2246	           4	-7,50000000000000E+000	-9,93750000000000E+000	-2,05044314308181E+002	-2,10780267593728E+002	1,08448459973797E+002	-1,88100911967876E+002	-1,88577805294710E+002	8,59859367879633E+001	-5,99653863742447E+001	-2,36023353856136E+002	3,50992976197873E-007
                      	 2270	           5	-7,50000000000000E+000	-1,00000000000000E+001	-2,03134923570958E+002	-2,08700875401683E+002	1,07974600005162E+002	-1,90295948255985E+002	-1,90747160845991E+002	8,66548291272545E+001	-7,17761582117865E+001	-2,39851276879260E+002	4,72108762623114E-007
          Plate\_2\_13	10548	           1	 7,50000000000000E+000	-9,75000000000000E+000	-2,10915285382782E+002	-2,17147409421174E+002	1,09699597265509E+002	 1,82313512052670E+002	-8,08931962740169E+001	1,82893610408580E+002	 1,58843400147138E+001	 0,00000000000000E+000	2,26728614120705E+002
 Element 45-76 (Plate)	10544	           2	 7,50000000000000E+000	-9,81250000000000E+000	-2,07880147403316E+002	-2,13920792571015E+002	1,09229394766796E+002	 1,82402097666742E+002	-8,17795871662659E+001	1,82752887335426E+002	 2,72874634246298E+001	-9,27154991722629E-008	2,26635553578647E+002
                (ERSS)	10545	           3	 7,50000000000000E+000	-9,87500000000000E+000	-2,04598260007104E+002	-2,10455367880837E+002	1,08757414402578E+002	 1,81829407969116E+002	-8,26368007241192E+001	1,82065856632123E+002	 3,86675154720982E+001	-2,48518375924131E-007	2,26174104787997E+002
                      	10546	           4	 7,50000000000000E+000	-9,93750000000000E+000	-2,01487277564711E+002	-2,07168288452322E+002	1,08284401800490E+002	 1,81519295791624E+002	-8,30186545124621E+001	1,81718471878911E+002	 5,00268596277912E+001	-3,89418135583888E-007	2,28400459169156E+002
                      	10547	           5	 7,50000000000000E+000	-1,00000000000000E+001	-1,98964854446707E+002	-2,04476707387155E+002	1,07811102588166E+002	 1,82395613966099E+002	-8,27618712736407E+001	1,82596686656033E+002	 6,13854491038132E+001	-5,11446390140980E-007	2,30720089226045E+002
          Plate\_1\_14	 2270	           1	-7,50000000000000E+000	-1,00000000000000E+001	-2,02248139786047E+002	-2,07813657540824E+002	1,07974583361516E+002	-1,88530795515719E+002	-1,88917117357744E+002	8,65281696365657E+001	-7,17761582117859E+001	-2,39851276879261E+002	4,72108746906340E-007
 Element 46-77 (Plate)	 2273	           2	-7,50000000000000E+000	-1,00625000000000E+001	-1,98476516556143E+002	-2,03763617053209E+002	1,07251881127427E+002	-1,86415019283733E+002	-1,86829988472973E+002	9,19815759985261E+001	-8,34746578214081E+001	-2,43054506923405E+002	5,62084935193748E-007
                (ERSS)	 2272	           3	-7,50000000000000E+000	-1,01250000000000E+001	-1,95237576848088E+002	-2,00250604429773E+002	1,06527048649561E+002	-1,85623433486018E+002	-1,85875295320630E+002	9,68846368704075E+001	-9,51115796011092E+001	-2,45247793068203E+002	6,17274029387363E-007
                      	 2271	           4	-7,50000000000000E+000	-1,01875000000000E+001	-1,91798123957751E+002	-1,96542651939229E+002	1,05800405407894E+002	-1,84482455985062E+002	-1,84482455985062E+002	1,01147651394131E+002	-1,06675674318487E+002	-2,46770907416936E+002	6,43653234948538E-007
                      	 3220	           5	-7,50000000000000E+000	-1,02500000000000E+001	-1,87424961181005E+002	-1,91907791850289E+002	1,05072270882403E+002	-1,81318504643354E+002	-1,81318504643354E+002	1,05423120916151E+002	-1,18123792381238E+002	-2,47851933373615E+002	6,47111919054171E-007
          Plate\_2\_14	10547	           1	 7,50000000000000E+000	-1,00000000000000E+001	-1,97959583863515E+002	-2,03468289848503E+002	1,07810804956821E+002	 1,80335722821548E+002	-8,25453792488241E+001	1,80458557174476E+002	 6,13854491038133E+001	-5,11446369334215E-007	2,30720089226045E+002
 Element 47-78 (Plate)	10330	           2	 7,50000000000000E+000	-1,00625000000000E+001	-1,94331160667731E+002	-1,99569438588821E+002	1,07089480715737E+002	 1,78563444269849E+002	-8,67128522381004E+001	1,78703532036431E+002	 7,26025401513528E+001	-6,01957806521380E-007	2,33499504259895E+002
                (ERSS)	10331	           3	 7,50000000000000E+000	-1,01250000000000E+001	-1,90528193727014E+002	-1,95492034867341E+002	1,06366744601024E+002	 1,76568537045346E+002	-9,12962126267336E+001	1,76568537045346E+002	 8,36992596433685E+001	-6,57343943128145E-007	2,36093159158748E+002
                      	10332	           4	 7,50000000000000E+000	-1,01875000000000E+001	-1,86843202604613E+002	-1,91531043082016E+002	1,05642901613245E+002	 1,74894063710360E+002	-9,62281402472707E+001	1,74894063710360E+002	 9,46853802027335E+001	-6,83631953612844E-007	2,37988981552808E+002
                      	10643	           5	 7,50000000000000E+000	-1,02500000000000E+001	-1,83568706863778E+002	-1,87981427630796E+002	1,04918256752962E+002	 1,74083086827215E+002	-1,02604794640694E+002	1,74083086827215E+002	 1,05580981907115E+002	-6,86759466895686E-007	2,39735123209509E+002
          Plate\_1\_15	 3220	           1	-7,50000000000000E+000	-1,02500000000000E+001	-1,87579845630079E+002	-1,92061680897257E+002	1,05071890723488E+002	-1,81603681915435E+002	-1,81603681915435E+002	1,05739322681905E+002	-1,18123792381238E+002	-2,47851933373615E+002	6,47111922285002E-007
 Element 48-79 (Plate)	 3223	           2	-7,50000000000000E+000	-1,03471228822834E+001	-1,78102716079651E+002	-1,82190971421177E+002	1,03934635139436E+002	-1,70804954289603E+002	-1,70804954289603E+002	1,12948195751678E+002	-1,35176543364424E+002	-2,49120982525716E+002	6,16365864602968E-007
                (ERSS)	 3222	           3	-7,50000000000000E+000	-1,04442457645668E+001	-1,70351879718999E+002	-1,74062944869041E+002	1,02791565930791E+002	-1,63429866036819E+002	-1,63429866036819E+002	1,20533373807159E+002	-1,51431961337579E+002	-2,49496613122461E+002	5,53129024803450E-007
                      	 3221	           4	-7,50000000000000E+000	-1,05413686468502E+001	-1,62619868723507E+002	-1,65969193893764E+002	1,01643647909098E+002	-1,55973492458468E+002	-1,55973492458468E+002	1,27945043114256E+002	-1,66926809168056E+002	-2,48997265556268E+002	4,66328763956901E-007
                      	 3366	           5	-7,50000000000000E+000	-1,06384915291337E+001	-1,53199215268560E+002	-1,56201311148265E+002	1,00491845885900E+002	-1,44930908855934E+002	-1,44930908855934E+002	1,34495563451259E+002	-1,81593861304998E+002	-2,46934561315802E+002	3,64721626271801E-007
          Plate\_1\_15	 3366	           1	-7,50000000000000E+000	-1,06384915291337E+001	-1,54294692358673E+002	-1,57293641525628E+002	1,00492038310773E+002	-1,45449372867649E+002	-1,45449372867649E+002	1,34657984054603E+002	-1,81593861304997E+002	-2,46934561315802E+002	3,64721617660164E-007
 Element 48-80 (Plate)	 3369	           2	-7,50000000000000E+000	-1,07419313894903E+001	-1,42038264929646E+002	-1,44664461019069E+002	9,92617804994211E+001	-1,27265294529566E+002	-1,27265294529566E+002	1,38950873666827E+002	-1,95740223528364E+002	-2,42821582818745E+002	2,46547241159323E-007
                (ERSS)	 3368	           3	-7,50000000000000E+000	-1,08453712498470E+001	-1,29640277024158E+002	-1,31908233049879E+002	9,80289244945641E+001	-1,04855601872396E+002	-1,04855601872396E+002	1,40982677664690E+002	-2,07770517720187E+002	-2,37444320106812E+002	1,23914317435005E-007
                      	 3367	           4	-7,50000000000000E+000	-1,09488111102037E+001	-1,16610184254719E+002	-1,18534527235409E+002	9,67945388651228E+001	-7,91424776996913E+001	-7,91424776996913E+001	1,40729503964827E+002	-2,17323893590358E+002	-2,36089548079731E+002	7,57834421588063E-010
                      	 4246	           5	-7,50000000000000E+000	-1,10522509705603E+001	-1,02457442233839E+002	-1,04052913193008E+002	9,60096559689284E+001	-5,10481048149997E+001	-5,10481048149997E+001	1,40276283857684E+002	-2,24067760495901E+002	-2,33656306199123E+002	0,00000000000000E+000
          Plate\_1\_15	 4246	           1	-7,50000000000000E+000	-1,10522509705603E+001	-1,01892348450390E+002	-1,03488452524294E+002	9,60124205524597E+001	-5,08262072979319E+001	-5,08262072979319E+001	1,40566462925928E+002	-2,24067760495901E+002	-2,33656306199122E+002	0,00000000000000E+000
 Element 48-81 (Plate)	 4247	           2	-7,50000000000000E+000	-1,11624186721261E+001	-9,08449373422364E+001	-9,20985805128752E+001	9,53621707833331E+001	-3,56967063551126E+001	-3,56967063551126E+001	1,37812796665680E+002	-2,28780928020720E+002	-2,29974003484342E+002	0,00000000000000E+000
                (ERSS)	 4248	           3	-7,50000000000000E+000	-1,12725863736919E+001	-8,11866685450163E+001	-8,21106524477849E+001	9,46722255032056E+001	-2,36108209333354E+001	-2,36108209333354E+001	1,37804073316355E+002	-2,32060310503096E+002	-2,32132425908503E+002	0,00000000000000E+000
                      	 4249	           4	-7,50000000000000E+000	-1,13827540752577E+001	-7,16441813543617E+001	-7,22511602770550E+001	9,39813238452141E+001	-1,20262395933582E+001	-1,20262395933582E+001	1,40135050325686E+002	-2,34002829332361E+002	-2,34020733809016E+002	0,00000000000000E+000
                      	 4288	           5	-7,50000000000000E+000	-1,14929217768235E+001	-6,09441150659047E+001	-6,12465959487178E+001	9,57609738532660E+001	 1,59934910406050E+000	-7,92087967099120E-007	1,44477125941873E+002	-2,34619613779178E+002	-2,34619613779178E+002	0,00000000000000E+000
          Plate\_1\_15	 4288	           1	-7,50000000000000E+000	-1,14929217768235E+001	-6,14853331700121E+001	-6,17870299021480E+001	9,58989011392516E+001	 4,64106585206691E-001	-7,94687712705919E-007	1,44072612360839E+002	-2,34619613779177E+002	-2,34619613779177E+002	0,00000000000000E+000
 Element 48-82 (Plate)	 4289	           2	-7,50000000000000E+000	-1,16102549057202E+001	-5,10259664227487E+001	-5,10259664227487E+001	9,71581865364045E+001	 1,29018547541647E+001	-6,87380745092450E-007	1,45252854371737E+002	-2,33735068689700E+002	-2,33735068689700E+002	0,00000000000000E+000
                (ERSS)	 4290	           3	-7,50000000000000E+000	-1,17275880346170E+001	-4,38887862342284E+001	-4,70712726116873E+001	9,79811713922944E+001	 1,83602614941535E+001	-5,83208735999295E-007	1,43384709903090E+002	-2,31886401525945E+002	-2,31886401525945E+002	0,00000000000000E+000
                      	 4291	           4	-7,50000000000000E+000	-1,18449211635137E+001	-3,85602069888869E+001	-4,67444896847617E+001	9,81568889383165E+001	 2,00735381958814E+001	-4,82777959859185E-007	1,39413844468191E+002	-2,29571936231178E+002	-2,29571936231178E+002	3,31943629075671E-003
                      	 5306	           5	-7,50000000000000E+000	-1,19622542924104E+001	-3,35266430711596E+001	-4,64062310246102E+001	9,79336981458290E+001	 2,12758962500570E+001	-3,86694691104851E-007	1,37433691007880E+002	-2,27174197676396E+002	-2,27174197676396E+002	5,15387346639858E-001
          Plate\_1\_15	 5306	           1	-7,50000000000000E+000	-1,19622542924104E+001	-3,27051932849623E+001	-4,64057360729653E+001	9,80337882025750E+001	 2,11778926915966E+001	-3,87424792118680E-007	1,37537590783535E+002	-2,27174197676396E+002	-2,27174197676396E+002	5,15387346639976E-001
 Element 48-83 (Plate)	 5307	           2	-7,50000000000000E+000	-1,20872188958380E+001	-2,18701626680518E+001	-4,60319511798237E+001	9,82807565632408E+001	 4,26881184422638E+001	-2,93144765098227E-007	1,36119744685927E+002	-2,23155067277953E+002	-2,23155067277953E+002	1,02543469145043E+000
                (ERSS)	 5308	           3	-7,50000000000000E+000	-1,22121834992655E+001	-1,21190045331861E+001	-4,56431569011294E+001	9,86253886440961E+001	 6,05164394772725E+001	-2,07447373632377E-007	1,34809603136534E+002	-2,16652161805888E+002	-2,16652161805888E+002	1,54535617958871E+000
                      	 5309	           4	-7,50000000000000E+000	-1,23371481026931E+001	-3,37861480130176E+000	-4,52395411751500E+001	9,89828552708223E+001	 7,38753324366884E+001	-1,30441690259123E-007	1,31035699622132E+002	-2,08212819357719E+002	-2,08212819357719E+002	1,97007527957197E+000
                      	 5336	           5	-7,50000000000000E+000	-1,24621127061207E+001	 4,42411060666468E+000	-4,48212919401532E+001	9,92849890674148E+001	 8,19772739605772E+001	-6,22367875164637E-008	1,24742268017095E+002	-1,98413735539691E+002	-1,98413735539691E+002	2,36892807148107E+000
          Plate\_1\_15	 5336	           1	-7,50000000000000E+000	-1,24621127061207E+001	 4,61750352379810E+000	-4,48206898532977E+001	9,92566411299093E+001	 8,30271081838909E+001	-6,19963142533444E-008	1,25371598782272E+002	-1,98413735539691E+002	-1,98413735539691E+002	2,36892807148100E+000
 Element 48-84 (Plate)	 5337	           2	-7,50000000000000E+000	-1,25952051434966E+001	 1,53430441782163E+001	-4,43580812596127E+001	9,93663960360727E+001	 9,79001034851526E+001	 0,00000000000000E+000	1,22780656394557E+002	-1,86369129946394E+002	-1,86369129946394E+002	2,80403754756200E+000
                (ERSS)	 5338	           3	-7,50000000000000E+000	-1,27282975808726E+001	 2,49825548702077E+001	-4,38764585947499E+001	9,93353669349629E+001	 1,10023764660083E+002	-2,11381862763651E-001	1,25804768348729E+002	-1,72460384987507E+002	-1,72460384987507E+002	3,18428283656953E+000
                      	 5339	           4	-7,50000000000000E+000	-1,28613900182485E+001	 3,27492491985766E+001	-4,33760521027196E+001	9,92022451506964E+001	 1,17394170016444E+002	-5,05301969440154E-001	1,27670853500571E+002	-1,57286460222281E+002	-1,57286460222281E+002	3,52227873011589E+000
                      	 6508	           5	-7,50000000000000E+000	-1,29944824556244E+001	 3,78563407621272E+001	-4,28570920275321E+001	9,89334853784239E+001	 1,18007397861995E+002	-7,92431121037566E-001	1,26042855243071E+002	-1,41527180105657E+002	-1,41527180105657E+002	3,80633616762236E+000
          Plate\_1\_15	 6508	           1	-7,50000000000000E+000	-1,29944824556244E+001	 3,71846133244924E+001	-4,28563158711056E+001	9,89381773062655E+001	 1,16934641216710E+002	-8,11553560665520E-001	1,26323338321344E+002	-1,41527180105657E+002	-1,41527180105657E+002	3,80633616762244E+000
 Element 48-85 (Plate)	 6509	           2	-7,50000000000000E+000	-1,31362313701235E+001	 4,18027343303326E+001	-4,22818695763753E+001	9,85102848530702E+001	 1,16644709160772E+002	-1,08215260649971E+000	1,20588983053413E+002	-1,24962142459865E+002	-1,24962142459865E+002	4,03842584781786E+000
                (ERSS)	 6510	           3	-7,50000000000000E+000	-1,32779802846226E+001	 4,54987281122929E+001	-4,16832550872628E+001	9,79435593903160E+001	 1,14553343229149E+002	-1,33546440700938E+000	1,15347387631381E+002	-1,08539063888870E+002	-1,08539063888870E+002	4,20700312027180E+000
                      	 6511	           4	-7,50000000000000E+000	-1,34197291991216E+001	 4,79974210335337E+001	-4,10607456971221E+001	9,72394364816113E+001	 1,10065959293900E+002	-1,59799303631523E+000	1,10065959293900E+002	-9,25921630394307E+001	-9,25921630394307E+001	4,31757495985892E+000
                      	 6532	           5	-7,50000000000000E+000	-1,35614781136207E+001	 4,90236394572153E+001	-4,04146146993072E+001	9,64868272706436E+001	 1,02587973227085E+002	-1,80349323605403E+000	1,02587973227085E+002	-7,74814992423963E+001	-7,74814992423963E+001	4,30479791186286E+000
          Plate\_1\_15	 6532	           1	-7,50000000000000E+000	-1,35614781136207E+001	 4,93509233961300E+001	-4,04135613580320E+001	9,64891163402541E+001	 1,02839397004175E+002	-1,83559033864219E+000	1,02839397004175E+002	-7,74814992423961E+001	-7,74814992423961E+001	4,30479791186286E+000
 Element 48-86 (Plate)	 6533	           2	-7,50000000000000E+000	-1,37124465319458E+001	 5,15777469780087E+001	-3,96976560044962E+001	9,55724905686638E+001	 9,18696234620601E+001	-2,08818344098892E+000	9,18696234620601E+001	-6,27788145489869E+001	-6,27788145489869E+001	4,24423084136965E+000
                (ERSS)	 6534	           3	-7,50000000000000E+000	-1,38634149502708E+001	 5,37838528850470E+001	-3,89506803997734E+001	9,45019112783313E+001	 8,04708399321862E+001	-2,32329667251868E+000	8,04708399321862E+001	-4,97668737311850E+001	-4,97668737311850E+001	4,15348446195440E+000
                      	 6535	           4	-7,50000000000000E+000	-1,40143833685958E+001	 5,58642123108911E+001	-3,81729419971396E+001	9,32785445154703E+001	 6,88762159679939E+001	-2,49894571029468E+000	6,88762159679939E+001	-3,84859383718626E+001	-3,84859383718626E+001	4,32636344037001E+000
                      	 7778	           5	-7,50000000000000E+000	-1,41653517869209E+001	 5,77137964491876E+001	-3,73647482498708E+001	9,19035563262947E+001	 5,73189211229238E+001	-2,56341713634525E+000	5,73189211229238E+001	-2,89661089697338E+001	-2,89661089697338E+001	4,54064382134915E+000
          Plate\_1\_15	 7778	           1	-7,50000000000000E+000	-1,41653517869209E+001	 5,76701983088580E+001	-3,73632483227723E+001	9,19029271637381E+001	 5,75848979783533E+001	-2,59589196336963E+000	5,75848979783533E+001	-2,89661089697338E+001	-2,89661089697338E+001	4,54064382134916E+000
 Element 48-87 (Plate)	 7779	           2	-7,50000000000000E+000	-1,43261393556448E+001	 5,91453393202070E+001	-3,64665058769475E+001	9,02741065542661E+001	 4,66262763125540E+001	-2,55035471217634E+000	4,66262763125540E+001	-2,06073903931519E+001	-2,06073903931519E+001	4,65375288740334E+000
                (ERSS)	 7780	           3	-7,50000000000000E+000	-1,44869269243687E+001	 6,02357976774739E+001	-3,55290502510412E+001	8,84719484922869E+001	 3,69853639463601E+001	-2,46162698561649E+000	3,69853639463601E+001	-1,39022769704508E+001	-1,39022769704508E+001	4,66712158384796E+000
                      	 7781	           4	-7,50000000000000E+000	-1,46477144930926E+001	 6,09437909557654E+001	-3,45512014378458E+001	8,65043676559964E+001	 2,86733698319490E+001	-2,40086222825711E+000	2,86733698319490E+001	-8,63988200322504E+000	-8,63988200322504E+000	4,89234292233928E+000
                      	 9023	           5	-7,50000000000000E+000	-1,48085020618166E+001	 6,12715367301887E+001	-3,35332794301540E+001	8,44768927359607E+001	 2,17015029214978E+001	-2,49759667731679E+000	2,17015029214978E+001	-4,60924170635835E+000	-4,60924170635835E+000	5,00954199766284E+000
          Plate\_1\_15	 9023	           1	-7,50000000000000E+000	-1,48085020618166E+001	 6,12804038950865E+001	-3,35310362201981E+001	8,44736774709203E+001	 2,16282798635263E+001	-2,54543909510468E+000	2,16282798635263E+001	-4,60924170635829E+000	-4,60924170635829E+000	5,00954199766290E+000
 Element 48-88 (Plate)	 9024	           2	-7,50000000000000E+000	-1,49797474291787E+001	 6,12369382012831E+001	-3,23991598637693E+001	8,21083227761050E+001	 1,56358404250587E+001	-2,54296305955357E+000	1,56358404250587E+001	-1,43620252543039E+000	-1,43620252543039E+000	4,94109200921435E+000
                (ERSS)	 9025	           3	-7,50000000000000E+000	-1,51509927965408E+001	 6,08027276405729E+001	-3,12124734149701E+001	7,95193960283514E+001	 1,07882659908555E+001	-2,43605768113001E+000	1,07882659908555E+001	 8,11397669410405E-001	-3,16117734746089E-001	4,85372097335260E+000
                      	 9026	           4	-7,50000000000000E+000	-1,53222381639029E+001	 5,99799853270709E+001	-2,99712575684727E+001	7,67434267551795E+001	 7,03980908821810E+000	-2,23715096048036E+000	7,04327334047487E+000	 2,32223837838979E+000	-2,73181360278840E-001	4,78763941632595E+000
                      	 9149	           5	-7,50000000000000E+000	-1,54934835312651E+001	 5,87709243748922E+001	-2,86757930189494E+001	7,39099402462779E+001	 4,34472224444760E+000	-2,18148373037830E+000	4,36479630439552E+000	 3,28237055982180E+000	-2,10626321500320E-001	4,67579687533318E+000
          Plate\_1\_15	 9149	           1	-7,50000000000000E+000	-1,54934835312651E+001	 5,87734413993496E+001	-2,86722611463190E+001	7,39032499988468E+001	 4,21109020274321E+000	-2,24624855911868E+000	4,23014145559866E+000	 3,28237055982185E+000	-2,10626321500418E-001	4,67579687533319E+000
 Element 48-89 (Plate)	 9150	           2	-7,50000000000000E+000	-1,56758668838820E+001	 5,70757331056011E+001	-2,72271324385151E+001	7,05952942981432E+001	 2,17424458376779E+000	-2,01565413953194E+000	2,21183953997050E+000	 3,85559310270021E+000	-1,85242395192638E-001	4,64933363609779E+000
                (ERSS)	 9151	           3	-7,50000000000000E+000	-1,58582502364989E+001	 5,49541410621882E+001	-2,57055093476192E+001	6,69680501137809E+001	 6,82335268461052E-001	-1,76392116038224E+000	9,12460057603643E-001	 4,10896166261967E+000	-1,65463877616442E-001	4,59369404863451E+000
                      	 9152	           4	-7,50000000000000E+000	-1,60406335891158E+001	 5,24104283525796E+001	-2,41074973831950E+001	6,30220405724946E+001	-3,09274626052978E-001	-1,60914152011863E+000	1,12715595909907E+000	 4,13494287645821E+000	-1,53752081197307E-001	4,48792254435440E+000
                      	 9365	           5	-7,50000000000000E+000	-1,62230169417327E+001	 4,94463580602445E+001	-2,24332020548061E+001	5,87577888010191E+001	-8,45221982650267E-001	-1,43017049409205E+000	1,34916152783624E+000	 4,02344798655940E+000	-1,36897834943487E-001	4,29654747371458E+000
          Plate\_1\_15	 9365	           1	-7,50000000000000E+000	-1,62230169417327E+001	 4,94410073225954E+001	-2,24273391596013E+001	5,87438866161513E+001	-1,02154627693905E+000	-1,59326011492626E+000	1,23987481807327E+000	 4,02344798655934E+000	-1,36897834943581E-001	4,29654747371460E+000
 Element 48-90 (Plate)	 9366	           2	-7,50000000000000E+000	-1,64172627062995E+001	 4,58163481494201E+001	-2,05510111577930E+001	5,38718632136303E+001	-1,33568750667318E+000	-1,54137198031320E+000	1,46691065065456E+000	 3,79712190850717E+000	-1,12672193299299E-001	4,02287509811077E+000
                (ERSS)	 9367	           3	-7,50000000000000E+000	-1,66115084708664E+001	 4,16889225922830E+001	-1,85629581320382E+001	4,86208859042953E+001	-1,92446591684011E+000	-2,03795614821038E+000	1,15551809676996E+000	 3,48798174539211E+000	-8,09337923642802E-002	3,68818721069996E+000
                      	 9368	           4	-7,50000000000000E+000	-1,68057542354332E+001	 3,70584883704599E+001	-1,64622065463158E+001	4,29155942350504E+001	-2,90136384175250E+000	-3,02714305140100E+000	4,03976465966216E-001	 3,02419374589211E+000	-4,35143219807629E-002	3,20358392487417E+000
                      	10663	           5	-7,50000000000000E+000	-1,70000000000000E+001	 3,19248032032268E+001	-1,42477828646046E+001	3,67740844263333E+001	-4,37986361572303E+000	-4,60857636365343E+000	2,14708744679297E-001	 2,32715579901668E+000	-2,50780283583856E-003	2,47572869720058E+000
          Plate\_2\_15	10643	           1	 7,50000000000000E+000	-1,02500000000000E+001	-1,81936329934427E+002	-1,86349576471732E+002	1,04917767380100E+002	 1,70561154412117E+002	-1,02999541197176E+002	1,70561154412117E+002	 1,05580981907116E+002	-6,86759483365794E-007	2,39735123209509E+002
 Element 49-91 (Plate)	10644	           2	 7,50000000000000E+000	-1,03471228822834E+001	-1,74525099702749E+002	-1,78542786610440E+002	1,03787391569504E+002	 1,64148482311459E+002	-1,11637251234607E+002	1,64148482311459E+002	 1,21830085906722E+002	-6,55133976219645E-007	2,41243652033560E+002
                (ERSS)	10645	           3	 7,50000000000000E+000	-1,04442457645668E+001	-1,66434331953290E+002	-1,70073094288141E+002	1,02652462369636E+002	 1,56049898914123E+002	-1,20986395078107E+002	1,56049898914123E+002	 1,37421162390840E+002	-5,90660831068488E-007	2,41348360568620E+002
                      	10646	           4	 7,50000000000000E+000	-1,05413686468502E+001	-1,56775733448262E+002	-1,60051154846700E+002	1,01513930450579E+002	 1,44483184087926E+002	-1,28221884880207E+002	1,44483184087926E+002	 1,52036905293387E+002	-5,02363423510025E-007	2,40455743922888E+002
                      	11411	           5	 7,50000000000000E+000	-1,06384915291337E+001	-1,44661010949876E+002	-1,47587623627982E+002	1,00372746482418E+002	 1,27666117700682E+002	-1,32455253374013E+002	1,27666117700682E+002	 1,65306938822956E+002	-3,99091072377024E-007	2,38925543700436E+002
          Plate\_2\_15	11411	           1	 7,50000000000000E+000	-1,06384915291337E+001	-1,44412422324796E+002	-1,47333887744399E+002	1,00372811656004E+002	 1,27554419591189E+002	-1,32833307685217E+002	1,27554419591189E+002	 1,65306938822956E+002	-3,99091052177967E-007	2,38925543700436E+002
 Element 49-92 (Plate)	11412	           2	 7,50000000000000E+000	-1,07419313894903E+001	-1,33479790712503E+002	-1,36036259990669E+002	9,91549913999102E+001	 1,11850398158696E+002	-1,36166168682952E+002	1,11850398158696E+002	 1,77658676629751E+002	-2,79035613243681E-007	2,36405353763706E+002
                (ERSS)	11413	           3	 7,50000000000000E+000	-1,08453712498470E+001	-1,23505506450291E+002	-1,25708196698854E+002	9,79353785467238E+001	 9,71137965657011E+001	-1,36970933311275E+002	9,71137965657011E+001	 1,88492177131385E+002	-1,54456191100176E-007	2,33493281364667E+002
                      	11414	           4	 7,50000000000000E+000	-1,09488111102037E+001	-1,13269521399213E+002	-1,15129853563608E+002	9,67150177308077E+001	 8,11724233313278E+001	-1,36416255395018E+002	8,11724233313278E+001	 1,97712676787285E+002	-2,93362957521871E-008	2,31155215455319E+002
                      	11635	           5	 7,50000000000000E+000	-1,10522509705603E+001	-1,01551787420322E+002	-1,03081386279588E+002	9,54949535865247E+001	 6,18540869747000E+001	-1,35279209345499E+002	6,18540869747000E+001	 2,05156409503706E+002	 0,00000000000000E+000	2,27748673228030E+002
          Plate\_2\_15	11635	           1	 7,50000000000000E+000	-1,10522509705603E+001	-1,00699685902778E+002	-1,02229217999675E+002	9,54949210726726E+001	 6,00601998953730E+001	-1,35539963115961E+002	6,00601998953730E+001	 2,05156409503706E+002	 0,00000000000000E+000	2,27748673228030E+002
 Element 49-93 (Plate)	11636	           2	 7,50000000000000E+000	-1,11624186721261E+001	-9,13826586139709E+001	-9,25724396948427E+001	9,41964325260970E+001	 4,91036077068009E+001	-1,35868127779732E+002	4,91036077068009E+001	 2,11146892919909E+002	 0,00000000000000E+000	2,28254434698975E+002
                (ERSS)	11637	           3	 7,50000000000000E+000	-1,12725863736919E+001	-8,24748182214846E+001	-8,33383610662362E+001	9,28990464692172E+001	 3,92363765423876E+001	-1,36660756597298E+002	3,92363765423876E+001	 2,16022919394909E+002	 0,00000000000000E+000	2,29860302946726E+002
                      	11638	           4	 7,50000000000000E+000	-1,13827540752577E+001	-7,34140320655819E+001	-7,39662245505694E+001	9,26048585192377E+001	 2,92473058570363E+001	-1,36072243759477E+002	2,92473058570363E+001	 2,19789581878687E+002	 0,00000000000000E+000	2,30711223547732E+002
                      	11665	           5	 7,50000000000000E+000	-1,14929217768235E+001	-6,36381674865253E+001	-6,38952725845560E+001	9,22658276085584E+001	 1,79251951056498E+001	-1,36952322436767E+002	1,79251951056498E+001	 2,22410945872384E+002	 0,00000000000000E+000	2,30437486065757E+002
          Plate\_2\_15	11665	           1	 7,50000000000000E+000	-1,14929217768235E+001	-6,28705073601432E+001	-6,31254366483200E+001	9,22692576780647E+001	 1,62029839060802E+001	-1,37536587975596E+002	1,62029839060802E+001	 2,22410945872384E+002	 0,00000000000000E+000	2,30437486065757E+002
 Element 49-94 (Plate)	11666	           2	 7,50000000000000E+000	-1,16102549057202E+001	-5,31526583909467E+001	-5,31526583909467E+001	9,18463119066422E+001	 5,33887871054372E+000	-1,39166860906546E+002	5,33887871054372E+000	 2,23631466193428E+002	 0,00000000000000E+000	2,27955440445328E+002
                (ERSS)	11667	           3	 7,50000000000000E+000	-1,17275880346170E+001	-4,54490282852256E+001	-4,70535397309327E+001	9,13663451990208E+001	-1,32401744373833E+000	-1,40083274742263E+002	5,95710731426149E-007	 2,23829214653999E+002	 0,00000000000000E+000	2,23829214653999E+002
                      	11668	           4	 7,50000000000000E+000	-1,18449211635137E+001	-3,96647924280793E+001	-4,67256989257514E+001	9,16967192904434E+001	-3,99075123262086E+000	-1,38819211440119E+002	4,94119676981531E-007	 2,23476902158924E+002	-5,60125251507597E-002	2,23476902158924E+002
                      	12519	           5	 7,50000000000000E+000	-1,19622542924104E+001	-3,57051262046069E+001	-4,63863565749456E+001	9,17222112043363E+001	-2,86636933195881E+000	-1,35534545200773E+002	3,96880751318378E-007	 2,23039727683593E+002	-5,53613549606680E-001	2,23039727683593E+002
          Plate\_2\_15	12519	           1	 7,50000000000000E+000	-1,19622542924104E+001	-3,54909407684801E+001	-4,63858595979131E+001	9,20747808725787E+001	-4,58889953829124E+000	-1,35870588016867E+002	3,97635733182233E-007	 2,23039727683593E+002	-5,53613549606867E-001	2,23039727683593E+002
 Element 49-95 (Plate)	12520	           2	 7,50000000000000E+000	-1,20872188958380E+001	-2,58448461399638E+001	-4,60108870710752E+001	9,21176669288056E+001	-1,59978989789809E+001	-1,32243440400578E+002	3,02213545087526E-007	 2,21837545869785E+002	-1,07232209181681E+000	2,21837545869785E+002
                (ERSS)	12521	           3	 7,50000000000000E+000	-1,22121834992655E+001	-1,52463707558721E+001	-4,56208681141589E+001	9,22313345371354E+001	-3,27458746086903E+001	-1,30927403883951E+002	2,15449438731187E-007	 2,18799577071941E+002	-1,53767703195280E+000	2,18799577071941E+002
                      	12522	           4	 7,50000000000000E+000	-1,23371481026931E+001	-4,15205237637546E+000	-4,52159908120116E+001	9,24401484726213E+001	-5,22144607821115E+001	-1,31076046737862E+002	1,37455927985724E-007	 2,13538238274523E+002	-2,02714019257487E+000	2,13538238274523E+002
                      	12720	           5	 7,50000000000000E+000	-1,24621127061207E+001	 6,98157123835567E+000	-4,47964432494810E+001	9,27684735103166E+001	-7,17852918539364E+001	-1,33002249474001E+002	6,83455267236437E-008	 2,05764934001884E+002	-2,47576555077112E+000	2,05764934001884E+002
          Plate\_2\_15	12720	           1	 7,50000000000000E+000	-1,24621127061207E+001	 6,90452234014900E+000	-4,47958381827983E+001	9,27963904473007E+001	-7,06344590360270E+001	-1,32722134873877E+002	6,81127279189101E-008	 2,05764934001884E+002	-2,47576555077115E+000	2,05764934001884E+002
 Element 49-96 (Plate)	12721	           2	 7,50000000000000E+000	-1,25952051434966E+001	 1,63675432209720E+001	-4,43318051463633E+001	9,32018424234145E+001	-8,19974507963471E+001	-1,31666619230091E+002	4,39675048128907E-009	 1,95566833809548E+002	-2,84620540062322E+000	1,95566833809548E+002
                (ERSS)	12722	           3	 7,50000000000000E+000	-1,27282975808726E+001	 2,46498759756919E+001	-4,38487057570023E+001	9,34620061250742E+001	-9,08893091328703E+001	-1,29763124778489E+002	2,38365959731980E-001	 1,84058431741430E+002	-3,21501241395425E+000	1,84058431741430E+002
                      	12723	           4	 7,50000000000000E+000	-1,28613900182485E+001	 3,24191881314707E+001	-4,33467720054488E+001	9,35788197039212E+001	-9,87257972505781E+001	-1,25901724104399E+002	5,36115074795895E-001	 1,71414678564431E+002	-3,64566595389151E+000	1,71414678564431E+002
                      	13686	           5	 7,50000000000000E+000	-1,29944824556244E+001	 4,03431472154708E+001	-4,28262358824364E+001	9,35542213115965E+001	-1,06922678354452E+002	-1,21788056652097E+002	7,94772187637615E-001	 1,57752730211754E+002	-4,01082174720636E+000	1,57752730211754E+002
          Plate\_2\_15	13686	           1	 7,50000000000000E+000	-1,29944824556244E+001	 4,08783175017050E+001	-4,28254563325352E+001	9,35591096624787E+001	-1,08793418819454E+002	-1,22120414941065E+002	8,10752595754536E-001	 1,57752730211753E+002	-4,01082174720636E+000	1,57752730211753E+002
 Element 49-97 (Plate)	13687	           2	 7,50000000000000E+000	-1,31362313701235E+001	 4,85656371030271E+001	-4,22492690090217E+001	9,33928966026470E+001	-1,17355053139985E+002	-1,17355053139985E+002	1,08920600782311E+000	 1,41657598422103E+002	-4,28117007818609E+000	1,41657598422103E+002
                (ERSS)	13688	           3	 7,50000000000000E+000	-1,32779802846226E+001	 5,39218712981341E+001	-4,16488437609732E+001	9,30875858715498E+001	-1,20364427323787E+002	-1,20364427323787E+002	1,37928477415967E+000	 1,24748523631739E+002	-4,46361525518460E+000	1,24748523631739E+002
                      	13689	           4	 7,50000000000000E+000	-1,34197291991216E+001	 5,71269671243898E+001	-4,10244537391549E+001	9,26441862464184E+001	-1,18254478190193E+002	-1,18254478190193E+002	1,59582980565904E+000	 1,07768414504166E+002	-4,53783578038794E+000	1,07768414504166E+002
                      	13786	           5	 7,50000000000000E+000	-1,35614781136207E+001	 5,83608716191581E+001	-4,03763720943315E+001	9,20637065044844E+001	-1,11458142558540E+002	-1,11458142558540E+002	1,83090562918715E+000	 9,14414544494106E+001	-4,48597948770635E+000	9,14414544494106E+001
          Plate\_2\_15	13786	           1	 7,50000000000000E+000	-1,35614781136207E+001	 5,89413223782491E+001	-4,03753144691935E+001	9,20647438778004E+001	-1,12305871741348E+002	-1,12305871741348E+002	1,86084970793638E+000	 9,14414544494107E+001	-4,48597948770639E+000	9,14414544494107E+001
 Element 49-98 (Plate)	13787	           2	 7,50000000000000E+000	-1,37124465319458E+001	 6,10609676430679E+001	-3,96572462922689E+001	9,14083847790976E+001	-1,01927781906658E+002	-1,01927781906658E+002	2,13464539694540E+000	 7,52580881166441E+001	-4,35112685530794E+000	7,52580881166441E+001
                (ERSS)	13788	           3	 7,50000000000000E+000	-1,38634149502708E+001	 6,28530568874658E+001	-3,89080075246015E+001	9,06039624852691E+001	-9,06291053130370E+001	-9,06291053130370E+001	2,37570563970826E+000	 6,07153307276786E+001	-4,36877540720729E+000	6,07153307276786E+001
                      	13789	           4	 7,50000000000000E+000	-1,40143833685958E+001	 6,43119146059958E+001	-3,81279055080935E+001	8,96385406374185E+001	-7,87239994891630E+001	-7,87239994891630E+001	2,55841936312696E+000	 4,79179994437876E+001	-4,25473844873364E+000	4,79179994437876E+001
                      	14690	           5	 7,50000000000000E+000	-1,41653517869209E+001	 6,54318652932106E+001	-3,73172475846474E+001	8,85130301873019E+001	-6,65266219637126E+001	-6,65266219637126E+001	2,59879959244889E+000	 3,69570289951284E+001	-4,13820680551571E+000	3,69570289951284E+001
          Plate\_2\_15	14690	           1	 7,50000000000000E+000	-1,41653517869209E+001	 6,54362915349511E+001	-3,73157389443895E+001	8,85122461165957E+001	-6,68750824864632E+001	-6,68750824864632E+001	2,63102248732749E+000	 3,69570289951283E+001	-4,13820680551570E+000	3,69570289951283E+001
 Element 49-99 (Plate)	14691	           2	 7,50000000000000E+000	-1,43261393556448E+001	 6,62477348311529E+001	-3,64162479161091E+001	8,71392183236233E+001	-5,51105839550542E+001	-5,51105839550542E+001	2,58100193247133E+000	 2,71687966826095E+001	-4,32222569356139E+000	2,71687966826095E+001
                (ERSS)	14692	           3	 7,50000000000000E+000	-1,44869269243687E+001	 6,67070320999457E+001	-3,54758924444694E+001	8,55824352521488E+001	-4,46143038313392E+001	-4,46143038313392E+001	2,51410724072769E+000	 1,91676920230235E+001	-4,47511086221138E+000	1,91676920230235E+001
                      	14693	           4	 7,50000000000000E+000	-1,46477144930926E+001	 6,68173447373176E+001	-3,44949905485267E+001	8,38427423421293E+001	-3,54123797330066E+001	-3,54123797330066E+001	2,48541643724137E+000	 1,27492953233907E+001	-4,62822707704686E+000	1,27492953233907E+001
                      	14742	           5	 7,50000000000000E+000	-1,48085020618166E+001	 6,65818341392565E+001	-3,34738602473376E+001	8,19209850335220E+001	-2,75309492777448E+001	-2,75309492777448E+001	2,30964839956466E+000	 7,70842411263510E+000	-4,62353205891474E+000	7,70842411263510E+000
          Plate\_2\_15	14742	           1	 7,50000000000000E+000	-1,48085020618166E+001	 6,65903843645453E+001	-3,34715988952296E+001	8,19173020241228E+001	-2,74766183857378E+001	-2,74766183857378E+001	2,34434567786993E+000	 7,70842411263521E+000	-4,62353205891470E+000	7,70842411263521E+000
Element 49-100 (Plate)	14743	           2	 7,50000000000000E+000	-1,49797474291787E+001	 6,59867394584834E+001	-3,23361145230875E+001	7,96664517988663E+001	-2,06085481711078E+001	-2,06085481711078E+001	2,19083129461877E+000	 3,61028118142330E+000	-4,73477848306640E+000	3,61028118142330E+000
                (ERSS)	14744	           3	 7,50000000000000E+000	-1,51509927965408E+001	 6,50309240572124E+001	-3,11455709194138E+001	7,71944642688985E+001	-1,49773130006785E+001	-1,49865219700978E+001	2,09763965697836E+000	 5,79531378323173E-001	-4,98830801140741E+000	5,79531378323173E-001
                      	14745	           4	 7,50000000000000E+000	-1,53222381639029E+001	 6,37254400015449E+001	-2,99002464201330E+001	7,47834049551495E+001	-1,05428953050040E+001	-1,05669846866673E+001	1,86810402437039E+000	-1,58877497102244E+000	-5,06952629379973E+000	2,56517201348404E-001
                      	15600	           5	 7,50000000000000E+000	-1,54934835312651E+001	 6,20727891322932E+001	-2,86004193611692E+001	7,21518442921774E+001	-7,26527751463819E+000	-7,30566853159035E+000	1,55017067792974E+000	-3,09721689376083E+000	-5,03994785486604E+000	2,18523821734928E-001
          Plate\_2\_15	15600	           1	 7,50000000000000E+000	-1,54934835312651E+001	 6,20743059395067E+001	-2,85968448429616E+001	7,21460470055675E+001	-7,12300098593829E+000	-7,16232292375854E+000	1,60583103769486E+000	-3,09721689376089E+000	-5,03994785486603E+000	2,18523821735013E-001
Element 49-101 (Plate)	15601	           2	 7,50000000000000E+000	-1,56758668838820E+001	 5,99452290232267E+001	-2,71467653843209E+001	6,90399336148022E+001	-4,59107564032833E+000	-4,64894759062861E+000	1,18027236221869E+000	-4,15486253275036E+000	-4,93472181008590E+000	2,06197523234524E-001
                (ERSS)	15602	           3	 7,50000000000000E+000	-1,58582502364989E+001	 5,74299673032331E+001	-2,56197301558754E+001	6,56021075293403E+001	-2,68606079820417E+000	-2,75932466601823E+000	8,86784510031523E-001	-4,81045617335997E+000	-4,95130860440010E+000	2,05618485837663E-001
                      	15603	           4	 7,50000000000000E+000	-1,60406335891158E+001	 5,45299944799972E+001	-2,40158582463853E+001	6,18331065533593E+001	-1,35262891307462E+000	-1,43719745813555E+000	6,91342887475299E-001	-5,16960489335311E+000	-5,32490520566297E+000	2,04079008578179E-001
                      	16406	           5	 7,50000000000000E+000	-1,62230169417327E+001	 5,12467842539903E+001	-2,23352687446108E+001	5,77334684910369E+001	-5,35452438448516E-001	-1,50460598732402E+000	3,98442935060276E-001	-5,33474357420754E+000	-5,50612843348810E+000	1,98433763824777E-001
          Plate\_2\_15	16406	           1	 7,50000000000000E+000	-1,62230169417327E+001	 5,12359701258134E+001	-2,23288866999305E+001	5,77170892778944E+001	-2,97524414082840E-001	-1,39240634896260E+000	6,01555329502855E-001	-5,33474357420758E+000	-5,50612843348810E+000	1,98433763824596E-001
Element 49-102 (Plate)	16407	           2	 7,50000000000000E+000	-1,64172627062995E+001	 4,73141481259984E+001	-2,04459272577889E+001	5,29700832281794E+001	 2,56257665086735E-001	-1,58074984001964E+000	2,89642036297543E-001	-5,34339666001748E+000	-5,53130247706312E+000	1,86622259538522E-001
                (ERSS)	16408	           3	 7,50000000000000E+000	-1,66115084708664E+001	 4,29168889174282E+001	-1,84491789825829E+001	4,77824096826472E+001	 1,27882293183037E+000	-1,23700180076723E+000	1,27882293183037E+000	-5,20673574239273E+000	-5,40738007414047E+000	1,67043122392170E-001
                      	16409	           4	 7,50000000000000E+000	-1,68057542354332E+001	 3,80415551238821E+001	-1,63373754699871E+001	4,21504677435635E+001	 2,94755315009517E+000	-4,29000676389084E-001	3,01039824817771E+000	-4,80465420747990E+000	-5,00367499687921E+000	1,38680086107400E-001
                      	16420	           5	 7,50000000000000E+000	-1,70000000000000E+001	 3,26855093691393E+001	-1,41092503156764E+001	3,60971761210289E+001	 5,43983008382822E+000	-2,21797487834525E-001	5,66917401497511E+000	-4,00645821169261E+000	-4,17833003716256E+000	1,00613725535397E-001
          Plate\_1\_16	10663	           1	-7,50000000000000E+000	-1,70000000000000E+001	 3,20289329526740E+001	-1,43027150602404E+001	3,68971929052138E+001	-4,55599913833935E+000	-4,79552667289864E+000	1,83525427144822E-001	 2,32715579901690E+000	-2,50780283577136E-003	2,47572869720058E+000
Element 50-103 (Plate)	10664	           2	-7,50000000000000E+000	-1,71250000000000E+001	 2,94909801853550E+001	-1,33514443318233E+001	3,39198761962221E+001	-6,31124116826656E+000	-6,64192760572332E+000	2,06894289211426E-001	 1,62533928654025E+000	-4,86464389354848E-007	1,73892066394600E+000
                (ERSS)	10665	           3	-7,50000000000000E+000	-1,72500000000000E+001	 2,68274090422136E+001	-1,23882968269729E+001	3,08360844313202E+001	-5,97945418097301E+000	-6,32748222424691E+000	9,88318102400265E-002	 8,37025735501220E-001	-3,08844202731661E-007	9,78607795245279E-001
                      	10666	           4	-7,50000000000000E+000	-1,73750000000000E+001	 2,40699070088615E+001	-1,14245163596567E+001	2,76817599406694E+001	-3,65968879395717E+000	-4,08281313126342E+000	1,27610477158340E-006	 2,12918134567600E-001	-1,35923482649546E-007	4,39262605649763E-001
                      	11425	           5	-7,50000000000000E+000	-1,75000000000000E+001	 2,12501615709102E+001	-1,04713467438422E+001	2,44928450544310E+001	 5,49004375282516E-001	-2,78377504332272E+000	5,49004375282516E-001	 1,07001213445201E-013	-1,46733319938974E-013	3,08024439288346E-013
          Plate\_2\_16	16420	           1	 7,50000000000000E+000	-1,70000000000000E+001	 3,27981383124226E+001	-1,41650066483771E+001	3,62226451009570E+001	 5,80049424997968E+000	-2,13396549159882E-001	6,04713477179159E+000	-4,00645821169241E+000	-4,17833003716256E+000	1,00613725535806E-001
Element 51-104 (Plate)	16421	           2	 7,50000000000000E+000	-1,71250000000000E+001	 3,01611600135459E+001	-1,32005205654724E+001	3,33105039672409E+001	 7,97447710680737E+000	-2,25576009279377E-001	8,31573861193837E+000	-3,13059021727124E+000	-3,26505019812834E+000	7,29810373594294E-002
                (ERSS)	16422	           3	 7,50000000000000E+000	-1,72500000000000E+001	 2,74400146055249E+001	-1,22280703064271E+001	3,03136302105300E+001	 8,81817310898082E+000	-2,16505072605661E-001	9,19602495408978E+000	-2,06910301377388E+000	-2,15812477728820E+000	4,50936254449283E-002
                      	16423	           4	 7,50000000000000E+000	-1,73750000000000E+001	 2,46662638040851E+001	-1,12605425046879E+001	2,72667069710127E+001	 8,45382333720824E+000	-1,84514653907125E-001	8,81709642235490E+000	-9,75845611525455E-001	-1,01795169870103E+000	1,97967248085417E-002
                      	17112	           5	 7,50000000000000E+000	-1,75000000000000E+001	 2,18714693249523E+001	-1,03108237937016E+001	2,42044173888772E+001	 7,00366887219787E+000	-1,27935667952156E-001	7,30805564084282E+000	-3,26128013483640E-014	-3,86836396248924E-013	5,13492026676943E-013
