    Structural element	 Node	Local number	                 X [m]	                 Y [m]	              N [kN/m]	          N_min [kN/m]	         N_max [kN/m]	              Q [kN/m]	          Q_min [kN/m]	         Q_max [kN/m]	            M [kN m/m]	        M_min [kN m/m]	       M_max [kN m/m]
           Plate\_1\_1	  481	           1	-7,50000000000000E+000	 2,85000000000000E+000	 3,24165110295347E-001	-8,04530658812172E-001	3,24165110295347E-001	 8,37852171008237E-001	-9,36710463384537E-002	8,37852171008237E-001	 5,55111512312578E-017	-6,30523411260242E-013	3,66623398306842E-013
   Element 1-1 (Plate)	  480	           2	-7,50000000000000E+000	 2,51250000000000E+000	-1,61547622071386E+000	-2,30590253524302E+000	5,86208363179141E-005	-3,11924496666168E+000	-3,12129827599300E+000	1,69367103826703E+000	-3,82000223692722E-001	-3,85607683714780E-001	3,13423271299049E-001
                (ERSS)	  479	           3	-7,50000000000000E+000	 2,17500000000000E+000	-3,29312414884919E+000	-3,91962328479016E+000	3,29549126897870E-005	-7,53809621208112E+000	-7,53819258340663E+000	2,47531139895095E+000	-2,15112377984867E+000	-2,15203089750662E+000	1,03419525045104E+000
                      	  478	           4	-7,50000000000000E+000	 1,83750000000000E+000	-4,84579479316001E+000	-5,66766686622757E+000	1,74607721085982E-005	-1,27731371100856E+001	-1,27731371100856E+001	2,57518838288977E+000	-5,56316303051130E+000	-5,56326530036581E+000	1,90081049994095E+000
                      	  482	           5	-7,50000000000000E+000	 1,50000000000000E+000	-6,41050427269571E+000	-7,77577744847458E+000	1,52355267939873E-005	-1,91788032055106E+001	-1,91788032055106E+001	2,52169863006703E+000	-1,09109028298472E+001	-1,09109028298472E+001	2,68589307815659E+000
           Plate\_2\_1	 8264	           1	 7,50000000000000E+000	 2,85000000000000E+000	 2,69754610056721E-001	-8,29799505828942E-001	2,69754610056721E-001	-6,99161781132624E-001	-6,99161781132624E-001	1,15953671072640E-001	-2,77555756156289E-017	-6,68284871885305E-013	5,12059145085786E-013
   Element 2-2 (Plate)	 8265	           2	 7,50000000000000E+000	 2,51250000000000E+000	-1,59995341512183E+000	-2,30903881785010E+000	5,92449883760940E-005	 3,10845618926130E+000	-1,70839787254120E+000	3,10845618926130E+000	 3,99487171072798E-001	-3,10337921539204E-001	3,99810676270938E-001
                (ERSS)	 8266	           3	 7,50000000000000E+000	 2,17500000000000E+000	-3,25913291827659E+000	-3,91869754632023E+000	3,35130310771238E-005	 7,49805427911390E+000	-2,50190406608942E+000	7,49805427911390E+000	 2,15784070351573E+000	-1,03842117448659E+000	2,15790113104079E+000
                      	 8267	           4	 7,50000000000000E+000	 1,83750000000000E+000	-4,83465746053981E+000	-5,66654198941668E+000	1,77458822228144E-005	 1,27992968775034E+001	-2,57509762552508E+000	1,27992968775034E+001	 5,56434832045093E+000	-1,91243710325462E+000	5,56434832045093E+000
                      	 8268	           5	 7,50000000000000E+000	 1,50000000000000E+000	-6,45340060304374E+000	-7,80026134517215E+000	1,51321887008357E-005	 1,93418483735080E+001	-2,49220780802153E+000	1,93419568825432E+001	 1,09427441593852E+001	-2,68516526583893E+000	1,09427441593852E+001
           Plate\_1\_2	  482	           1	-7,50000000000000E+000	 1,50000000000000E+000	-6,42647225681354E+000	-7,77052221366916E+000	1,35585556219019E-005	-1,85350989247947E+001	-1,91366672412358E+001	2,48879881641778E+000	-1,09109028298471E+001	-1,09109028298471E+001	2,68589307815664E+000
   Element 3-3 (Plate)	  467	           2	-7,50000000000000E+000	 1,25000000000000E+000	-8,10640701425369E+000	-9,62297648331387E+000	1,50760266216634E-005	-2,53552732622559E+001	-2,59354310028008E+001	2,10523060017077E+000	-1,63740604407028E+001	-1,64882101945215E+001	3,20982533738254E+000
                (ERSS)	  466	           3	-7,50000000000000E+000	 1,00000000000000E+000	-9,84618651343906E+000	-1,15351156431035E+001	1,67990418941158E-005	-3,29553659055823E+001	-3,35131863006560E+001	1,50403741629241E+000	-2,36577954514321E+001	-2,39142413850680E+001	3,59614990489977E+000
                      	  465	           4	-7,50000000000000E+000	 7,50000000000000E-001	-1,15491436483149E+001	-1,34468992025373E+001	1,86984302756361E-005	-4,10830832762922E+001	-4,16176931969325E+001	7,09678624095331E-001	-3,28994965940469E+001	-3,32925482822566E+001	3,81599418516580E+000
                      	  464	           5	-7,50000000000000E+000	 5,00000000000000E-001	-1,31186113128264E+001	-1,52982866711144E+001	2,07450206026014E-005	-4,94861317959038E+001	-4,99967117537613E+001	0,00000000000000E+000	-4,42179717489863E+001	-4,47416571376446E+001	3,84163860339377E+000
           Plate\_2\_2	 8268	           1	 7,50000000000000E+000	 1,50000000000000E+000	-6,46866672240973E+000	-7,78561596690931E+000	1,35790948467085E-005	 1,86991441224016E+001	-2,48179731212739E+000	1,92760045895379E+001	 1,09427441593852E+001	-2,68516526583915E+000	1,09427441593852E+001
   Element 4-4 (Plate)	 7765	           2	 7,50000000000000E+000	 1,25000000000000E+000	-7,96830405654999E+000	-9,63701964007385E+000	1,50910575623070E-005	 2,50692435018204E+001	-2,10438390293122E+000	2,56257826674706E+001	 1,63889321176952E+001	-3,20663479830589E+000	1,64478638981199E+001
                (ERSS)	 7766	           3	 7,50000000000000E+000	 1,00000000000000E+000	-9,60794233467773E+000	-1,15491202424560E+001	1,67979894368033E-005	 3,24312423759015E+001	-1,50490601352201E+000	3,29691878454318E+001	 2,35624836348813E+001	-3,59218234740077E+000	2,37580845774919E+001
                      	 7767	           4	 7,50000000000000E+000	 7,50000000000000E-001	-1,13409527922381E+001	-1,34610441094461E+001	1,86711199404051E-005	 4,06576808712435E+001	-7,09024441796964E-001	4,11825650859765E+001	 3,26802987485518E+001	-3,81208093031566E+000	3,30087262143010E+001
                      	 7764	           5	 7,50000000000000E+000	 5,00000000000000E-001	-1,31207066646764E+001	-1,53119175764345E+001	2,06816785433204E-005	 4,96210991144450E+001	 0,00000000000000E+000	5,01422593516602E+001	 4,39502029331477E+001	-3,85425538219415E+000	4,44090795459115E+001
           Plate\_1\_3	  464	           1	-7,50000000000000E+000	 5,00000000000000E-001	-1,32006172326881E+001	-1,52809426175275E+001	2,06659355514839E-005	-4,92559071843883E+001	-5,00605130992012E+001	0,00000000000000E+000	-4,42179717489863E+001	-4,47416571376446E+001	3,84163860339347E+000
  Element 6-10 (Plate)	  295	           2	-7,50000000000000E+000	 8,33333333333334E-002	-1,43128546301062E+001	-1,79965205580794E+001	2,40521324362777E-005	-6,06343935529037E+001	-6,07454983807520E+001	0,00000000000000E+000	-6,72863021193436E+001	-6,79720641224413E+001	3,41741931151603E+000
                (ERSS)	  294	           3	-7,50000000000000E+000	-3,33333333333333E-001	-1,38400405639383E+001	-2,04043809035251E+001	2,67597521124479E-005	-6,66371333871077E+001	-6,66371333871077E+001	0,00000000000000E+000	-9,40050246229165E+001	-9,46992803919498E+001	2,36229208744535E+000
                      	  293	           4	-7,50000000000000E+000	-7,50000000000000E-001	-1,19591214892017E+001	-2,25062128726708E+001	2,87848896072836E-005	-6,70899469731966E+001	-6,70899469731966E+001	0,00000000000000E+000	-1,22059671890316E+002	-1,22711900862116E+002	9,50892471800056E-001
                      	  292	           5	-7,50000000000000E+000	-1,16666666666667E+000	-8,84704386091374E+000	-2,43037056843228E+001	3,01236399480740E-005	-6,18186545973665E+001	-6,18186545973665E+001	0,00000000000000E+000	-1,49114096548357E+002	-1,49737647298188E+002	7,14397789545809E-004
           Plate\_1\_3	  292	           1	-7,50000000000000E+000	-1,16666666666667E+000	-9,51776692309980E+000	-2,43047318932001E+001	3,01603082569672E-005	-6,26705847821716E+001	-6,26705847821716E+001	0,00000000000000E+000	-1,49114096548357E+002	-1,49737647298188E+002	7,14397789549675E-004
  Element 6-11 (Plate)	   45	           2	-7,50000000000000E+000	-1,37500000000000E+000	-8,58568759798134E+000	-2,50976069246926E+001	3,06262972500084E-005	-5,96151314714452E+001	-5,96151314714452E+001	0,00000000000000E+000	-1,61851416824284E+002	-1,62460263229564E+002	0,00000000000000E+000
                (ERSS)	   44	           3	-7,50000000000000E+000	-1,58333333333333E+000	-7,78563824091554E+000	-2,58116736773958E+001	3,09866641192983E-005	-5,68048337022973E+001	-5,68048337022973E+001	0,00000000000000E+000	-1,73966330482963E+002	-1,74567309293706E+002	0,00000000000000E+000
                      	   43	           4	-7,50000000000000E+000	-1,79166666666667E+000	-7,20422133813672E+000	-2,64438698309577E+001	3,12450283950933E-005	-5,45947638999078E+001	-5,45947638999078E+001	1,63293243023406E-006	-1,85567227633649E+002	-1,86163408176213E+002	0,00000000000000E+000
                      	   66	           5	-7,50000000000000E+000	-2,00000000000000E+000	-6,92803937587923E+000	-2,69911330650264E+001	3,14050096076500E-005	-5,33399944894568E+001	-5,33399944894568E+001	9,91590015967349E-006	-1,96784873577464E+002	-1,97375489600717E+002	0,00000000000000E+000
           Plate\_2\_3	 7764	           1	 7,50000000000000E+000	 5,00000000000000E-001	-1,30023188743622E+001	-1,52944821357982E+001	2,06077551849727E-005	 4,88480241908365E+001	 0,00000000000000E+000	4,96937272266754E+001	 4,39502029331477E+001	-3,85425538219412E+000	4,44090795459115E+001
  Element 9-16 (Plate)	 7671	           2	 7,50000000000000E+000	 8,33333333333334E-002	-1,42376937138086E+001	-1,80101852474275E+001	2,39445532032271E-005	 6,06040174711571E+001	 0,00000000000000E+000	6,06422129305713E+001	 6,69843301369551E+001	-3,41415283992903E+000	6,75941866036355E+001
                (ERSS)	 7672	           3	 7,50000000000000E+000	-3,33333333333333E-001	-1,35947709547853E+001	-2,04180843982727E+001	2,66080676307657E-005	 6,61274842693362E+001	 0,00000000000000E+000	6,61274842693362E+001	 9,35746585793056E+001	-2,35950156741378E+000	9,41560088649840E+001
                      	 7673	           4	 7,50000000000000E+000	-7,50000000000000E-001	-1,15635203611171E+001	-2,25199523450053E+001	2,85939728711756E-005	 6,60097881731166E+001	 0,00000000000000E+000	6,60097881731166E+001	 1,21320229217453E+002	-9,61103409355764E-001	1,21815981818029E+002
                      	 8784	           5	 7,50000000000000E+000	-1,16666666666667E+000	-8,63391169662891E+000	-2,43175618442967E+001	2,98979433280444E-005	 6,08422927702414E+001	 0,00000000000000E+000	6,08422927702414E+001	 1,47895551973888E+002	-9,04579410874160E-004	1,48326226189863E+002
           Plate\_2\_3	 8784	           1	 7,50000000000000E+000	-1,16666666666667E+000	-9,27280859553409E+000	-2,43183617054475E+001	2,99361087458120E-005	 6,16152295031222E+001	 0,00000000000000E+000	6,16152295031222E+001	 1,47895551973888E+002	-9,04579410884547E-004	1,48326226189863E+002
  Element 9-17 (Plate)	 8781	           2	 7,50000000000000E+000	-1,37500000000000E+000	-8,62316480507135E+000	-2,51113742497419E+001	3,03867965107412E-005	 5,89775233686078E+001	 0,00000000000000E+000	5,89775233686078E+001	 1,60453415828299E+002	 0,00000000000000E+000	1,60848745265727E+002
                (ERSS)	 8782	           3	 7,50000000000000E+000	-1,58333333333333E+000	-8,07468653942147E+000	-2,58255215380026E+001	3,07348847787052E-005	 5,66559866449098E+001	 0,00000000000000E+000	5,66559866449098E+001	 1,72488350244571E+002	 0,00000000000000E+000	1,72855605949034E+002
                      	 8783	           4	 7,50000000000000E+000	-1,79166666666667E+000	-7,70629677430621E+000	-2,64577014192231E+001	3,09844988019939E-005	 5,48991712279656E+001	-2,63615610278205E-006	5,48991712279656E+001	 1,84104728283491E+002	 0,00000000000000E+000	1,84449416931143E+002
                      	 8800	           5	 7,50000000000000E+000	-2,00000000000000E+000	-7,59691848544733E+000	-2,70048117423969E+001	3,11397638328973E-005	 5,39556290137126E+001	-1,09463170564201E-005	5,39556290137126E+001	 1,95422566491060E+002	 0,00000000000000E+000	1,95748346838799E+002
           Plate\_1\_4	   66	           1	-7,50000000000000E+000	-2,00000000000000E+000	-6,22302832632830E+000	-2,70017006038316E+001	3,14815377162033E-005	-5,30907595188638E+001	-5,30907595188638E+001	1,66080098747388E-005	-1,96784873577464E+002	-1,97375489600717E+002	0,00000000000000E+000
 Element 10-18 (Plate)	   69	           2	-7,50000000000000E+000	-2,12500000000000E+000	-3,62247935459226E-001	-2,77981545537216E+001	3,23747110471971E-005	-3,83587885819025E+001	-3,83587885819025E+001	6,92001531439694E-005	-2,02517678626098E+002	-2,03095341504470E+002	0,00000000000000E+000
                (ERSS)	   68	           3	-7,50000000000000E+000	-2,25000000000000E+000	 5,01100134019090E+000	-2,85715145181471E+001	5,33039875197524E+000	-2,25431113751056E+001	-2,25431113751056E+001	2,03315784406131E+000	-2,06324060916680E+002	-2,06869732026742E+002	0,00000000000000E+000
                      	   67	           4	-7,50000000000000E+000	-2,37500000000000E+000	 9,99382156935765E+000	-2,93224146327704E+001	1,03143634361930E+001	-6,29757253448133E+000	-6,29757253448133E+000	1,30344055807964E+001	-2,08136857679620E+002	-2,08608119319764E+002	0,00000000000000E+000
                      	   80	           5	-7,50000000000000E+000	-2,50000000000000E+000	 1,46833148207766E+001	-3,00514890332537E+001	1,50497841916181E+001	 9,72398330396210E+000	 0,00000000000000E+000	2,39428124859757E+001	-2,07913161119892E+002	-2,08241439009808E+002	0,00000000000000E+000
           Plate\_2\_4	 8800	           1	 7,50000000000000E+000	-2,00000000000000E+000	-6,49110309004473E+000	-2,70075326141784E+001	3,12405532378770E-005	 5,25962466590702E+001	-1,75836277253386E-005	5,25962466590702E+001	 1,95422566491060E+002	 0,00000000000000E+000	1,95748346838799E+002
 Element 13-21 (Plate)	 8801	           2	 7,50000000000000E+000	-2,12500000000000E+000	-5,84586307659475E-001	-2,78057836489278E+001	3,20838894584596E-005	 3,79359992975743E+001	-7,02239475607264E-005	3,79359992975743E+001	 2,01110474805697E+002	 0,00000000000000E+000	2,01421393810980E+002
                (ERSS)	 8802	           3	 7,50000000000000E+000	-2,25000000000000E+000	 4,60846162700076E+000	-2,85802316196203E+001	4,97930797140679E+000	 2,24808442325442E+001	-2,36928622762137E+000	2,24808442325442E+001	 2,04857828432346E+002	 0,00000000000000E+000	2,05141110417399E+002
                      	 8803	           4	 7,50000000000000E+000	-2,37500000000000E+000	 9,31665292092546E+000	-2,93315108265369E+001	9,70668228489696E+000	 8,32409151705841E+000	-1,31898546972565E+001	8,32409151705841E+000	 2,06786055732604E+002	 0,00000000000000E+000	2,07027570314734E+002
                      	 8804	           5	 7,50000000000000E+000	-2,50000000000000E+000	 1,37685997811041E+001	-3,00602555699591E+001	1,41919310635203E+001	-2,44094879580489E+000	-2,45273856995393E+001	0,00000000000000E+000	 2,07095731800975E+002	 0,00000000000000E+000	2,07278390102339E+002
           Plate\_1\_5	   80	           1	-7,50000000000000E+000	-2,50000000000000E+000	 1,51220921424124E+001	-3,00543947000259E+001	1,55435445584022E+001	 8,65257954145736E+000	 0,00000000000000E+000	2,35461187724082E+001	-2,07913161119892E+002	-2,08241439009808E+002	0,00000000000000E+000
 Element 14-22 (Plate)	   83	           2	-7,50000000000000E+000	-2,75000000000000E+000	 2,26066790193350E+001	-3,14648988782702E+001	2,29201412442731E+001	 3,79199834705382E+001	 0,00000000000000E+000	4,59617816029652E+001	-2,02058387357358E+002	-2,02058387357358E+002	0,00000000000000E+000
                (ERSS)	   82	           3	-7,50000000000000E+000	-3,00000000000000E+000	 2,87373940119157E+001	-3,28153934962627E+001	2,90086937631342E+001	 6,33463980193658E+001	 0,00000000000000E+000	6,53270737772695E+001	-1,89241376362782E+002	-1,89241376362782E+002	0,00000000000000E+000
                      	   81	           4	-7,50000000000000E+000	-3,25000000000000E+000	 3,35416708688033E+001	-3,41057554586462E+001	3,38211921280930E+001	 8,28545696177358E+001	 0,00000000000000E+000	8,35357366205574E+001	-1,70870789982078E+002	-1,70870789982078E+002	0,00000000000000E+000
                      	  188	           5	-7,50000000000000E+000	-3,50000000000000E+000	 3,70469433386466E+001	-3,53358616700635E+001	3,73696263522570E+001	 9,43672446954437E+001	 0,00000000000000E+000	9,46283217361603E+001	-1,48511733403488E+002	-1,48511733403488E+002	0,00000000000000E+000
           Plate\_2\_5	 8804	           1	 7,50000000000000E+000	-2,50000000000000E+000	 1,40163777027054E+001	-3,00630316501000E+001	1,44891554236714E+001	-7,25740954411658E+000	-2,36230863937624E+001	0,00000000000000E+000	 2,07095731800975E+002	 0,00000000000000E+000	2,07278390102339E+002
 Element 17-25 (Plate)	 8642	           2	 7,50000000000000E+000	-2,75000000000000E+000	 2,16310993223738E+001	-3,14734509494279E+001	2,20449658375132E+001	-3,61863457503575E+001	-4,55737917740492E+001	0,00000000000000E+000	 2,01610247984840E+002	 0,00000000000000E+000	2,01615454360809E+002
                (ERSS)	 8643	           3	 7,50000000000000E+000	-3,00000000000000E+000	 2,77226589436358E+001	-3,28238453183923E+001	2,80849363706563E+001	-6,11126695938028E+001	-6,58585083801310E+001	0,00000000000000E+000	 1,89316494695250E+002	 0,00000000000000E+000	1,89316494695250E+002
                      	 8644	           4	 7,50000000000000E+000	-3,25000000000000E+000	 3,24819184405327E+001	-3,41141013556232E+001	3,28155140692901E+001	-8,08147226285661E+001	-8,09808997009244E+001	0,00000000000000E+000	 1,71481973040778E+002	 0,00000000000000E+000	1,71481973040778E+002
                      	 9799	           5	 7,50000000000000E+000	-3,50000000000000E+000	 3,60997396871062E+001	-3,53441056597503E+001	3,64431459796041E+001	-9,40708464087607E+001	-9,41509790588785E+001	0,00000000000000E+000	 1,49465445976714E+002	 0,00000000000000E+000	1,49465445976714E+002
           Plate\_1\_6	  188	           1	-7,50000000000000E+000	-3,50000000000000E+000	 4,00436271953617E+001	-3,53367166604393E+001	4,03317928497430E+001	 9,95268695962246E+001	 0,00000000000000E+000	9,98717839726846E+001	-1,48511733403488E+002	-1,48511733403488E+002	0,00000000000000E+000
 Element 18-26 (Plate)	  191	           2	-7,50000000000000E+000	-3,87500000000000E+000	 3,87240278359847E+001	-3,70740525707471E+001	3,89848003837034E+001	 9,56483455576610E+001	 0,00000000000000E+000	9,56483455576610E+001	-1,11519839226198E+002	-1,11519839226198E+002	0,00000000000000E+000
                (ERSS)	  190	           3	-7,50000000000000E+000	-4,25000000000000E+000	 3,71996201750795E+001	-3,86814080881914E+001	3,74503156609274E+001	 8,26596698861409E+001	 0,00000000000000E+000	8,26596698861409E+001	-7,79959546542206E+001	-7,79959546542206E+001	0,00000000000000E+000
                      	  189	           4	-7,50000000000000E+000	-4,62500000000000E+000	 3,54960784045249E+001	-4,01567889156480E+001	3,57511829795831E+001	 6,42973308905917E+001	 0,00000000000000E+000	6,42973308905917E+001	-5,01821058408544E+001	-5,01821058408544E+001	0,00000000000000E+000
                      	  416	           5	-7,50000000000000E+000	-5,00000000000000E+000	 3,36390767161994E+001	-4,14982007559924E+001	3,39102466378391E+001	 4,42978168799408E+001	 0,00000000000000E+000	4,42978168799408E+001	-2,98951768653995E+001	-2,98951768653995E+001	0,00000000000000E+000
           Plate\_2\_6	 9799	           1	 7,50000000000000E+000	-3,50000000000000E+000	 3,90522239584540E+001	-3,53451787678518E+001	3,93919899338932E+001	-9,88682928167718E+001	-9,89746149603381E+001	0,00000000000000E+000	 1,49465445976714E+002	 0,00000000000000E+000	1,49465445976714E+002
 Element 21-29 (Plate)	 9800	           2	 7,50000000000000E+000	-3,87500000000000E+000	 3,77997433854282E+001	-3,70819408646495E+001	3,81204325987477E+001	-9,58139226326717E+001	-9,58139226326717E+001	0,00000000000000E+000	 1,12546240180556E+002	 0,00000000000000E+000	1,12546240180556E+002
                (ERSS)	 9801	           3	 7,50000000000000E+000	-4,25000000000000E+000	 3,63309262448860E+001	-3,86888605281650E+001	3,66387088501262E+001	-8,31738335485511E+001	-8,31738335485511E+001	0,00000000000000E+000	 7,88881526035366E+001	 0,00000000000000E+000	7,88881526035366E+001
                      	 9802	           4	 7,50000000000000E+000	-4,62500000000000E+000	 3,46733427045140E+001	-4,01641015223970E+001	3,49735305653735E+001	-6,48371118907351E+001	-6,48371118907351E+001	0,00000000000000E+000	 5,08631443639014E+001	 0,00000000000000E+000	5,08631443639014E+001
                      	10469	           5	 7,50000000000000E+000	-5,00000000000000E+000	 3,28545629319991E+001	-4,15058276113441E+001	3,31516096218343E+001	-4,46928439855488E+001	-4,46928439855488E+001	0,00000000000000E+000	 3,04005702195909E+001	 0,00000000000000E+000	3,04005702195909E+001
           Plate\_1\_7	  416	           1	-7,50000000000000E+000	-5,00000000000000E+000	 3,36642479197874E+001	-4,15120865427802E+001	3,39299226502527E+001	 4,60075835179308E+001	 0,00000000000000E+000	4,60075835179308E+001	-2,98951768653995E+001	-2,98951768653995E+001	0,00000000000000E+000
 Element 22-30 (Plate)	  419	           2	-7,50000000000000E+000	-5,13750000000000E+000	 3,29027797058095E+001	-4,20321753500855E+001	3,31706695468707E+001	 4,01364448912713E+001	 0,00000000000000E+000	4,01364448912713E+001	-2,39783125658874E+001	-2,39783125658874E+001	0,00000000000000E+000
                (ERSS)	  418	           3	-7,50000000000000E+000	-5,27500000000000E+000	 3,21465720289609E+001	-4,25384346962587E+001	3,24164454886882E+001	 3,46554561101426E+001	 0,00000000000000E+000	3,46554561101426E+001	-1,88401673714526E+001	-1,88401673714526E+001	0,00000000000000E+000
                      	  417	           4	-7,50000000000000E+000	-5,41250000000000E+000	 3,13959596037045E+001	-4,30305894891809E+001	3,16675735059139E+001	 2,95814684719486E+001	 0,00000000000000E+000	2,95814684719486E+001	-1,44272154329617E+001	-1,44272154329617E+001	0,00000000000000E+000
                      	  493	           5	-7,50000000000000E+000	-5,55000000000000E+000	 3,06512771445028E+001	-4,35083646367335E+001	3,09243766287566E+001	 2,49313332740933E+001	 0,00000000000000E+000	2,49313332740933E+001	-1,06854621098231E+001	-1,06854621098231E+001	0,00000000000000E+000
           Plate\_2\_7	10469	           1	 7,50000000000000E+000	-5,00000000000000E+000	 3,28906129023163E+001	-4,15192134043729E+001	3,31856952370481E+001	-4,64464203300361E+001	-4,64464203300361E+001	0,00000000000000E+000	 3,04005702195909E+001	 0,00000000000000E+000	3,04005702195909E+001
 Element 25-33 (Plate)	10470	           2	 7,50000000000000E+000	-5,13750000000000E+000	 3,21562995966491E+001	-4,20390566454479E+001	3,24483689287586E+001	-4,05490285894231E+001	-4,05490285894231E+001	0,00000000000000E+000	 2,44251444841775E+001	 0,00000000000000E+000	2,44251444841775E+001
                (ERSS)	10471	           3	 7,50000000000000E+000	-5,27500000000000E+000	 3,14259755174746E+001	-4,25451206067452E+001	3,17150260800276E+001	-3,50386879245815E+001	-3,50386879245815E+001	0,00000000000000E+000	 1,92322461988587E+001	 0,00000000000000E+000	1,92322461988587E+001
                      	10472	           4	 7,50000000000000E+000	-5,41250000000000E+000	 3,07000355465604E+001	-4,30371184543114E+001	3,09860596188156E+001	-2,99325756891504E+001	-2,99325756891504E+001	0,00000000000000E+000	 1,47687612604004E+001	 0,00000000000000E+000	1,47687612604004E+001
                      	10488	           5	 7,50000000000000E+000	-5,55000000000000E+000	 2,99788745656741E+001	-4,35147633541929E+001	3,02618624730831E+001	-2,52478692367693E+001	-2,52478692367693E+001	0,00000000000000E+000	 1,09810944924190E+001	 0,00000000000000E+000	1,09810944924190E+001
           Plate\_1\_8	  493	           1	-7,50000000000000E+000	-5,55000000000000E+000	 3,06511583023114E+001	-4,35085738601999E+001	3,09242509517787E+001	 2,49459296593882E+001	 0,00000000000000E+000	2,49459296593882E+001	-1,06854621098231E+001	-1,06854621098231E+001	0,00000000000000E+000
 Element 27-49 (Plate)	  496	           2	-7,50000000000000E+000	-5,66250000000000E+000	 3,00465210449425E+001	-4,38891056849801E+001	3,03206086417618E+001	 2,15334227467133E+001	 0,00000000000000E+000	2,15334227467133E+001	-8,07451457944642E+000	-8,07451457944642E+000	0,00000000000000E+000
                (ERSS)	  495	           3	-7,50000000000000E+000	-5,77500000000000E+000	 2,94462174720082E+001	-4,42604151686202E+001	2,97211072853400E+001	 1,84357516037468E+001	 0,00000000000000E+000	1,84357516037468E+001	-5,82875085774639E+000	-5,82877953590296E+000	0,00000000000000E+000
                      	  494	           4	-7,50000000000000E+000	-5,88750000000000E+000	 2,88506954979613E+001	-4,46222313479922E+001	2,91261949713187E+001	 1,56519580938965E+001	 0,00000000000000E+000	1,56519580938965E+001	-3,91374774264105E+000	-3,91470037154796E+000	0,00000000000000E+000
                      	  881	           5	-7,50000000000000E+000	-6,00000000000000E+000	 2,82604030372548E+001	-4,49742832599681E+001	2,85363197885031E+001	 1,31810840805705E+001	 0,00000000000000E+000	1,31810840805705E+001	-2,29522312780192E+000	-2,29693849009259E+000	0,00000000000000E+000
           Plate\_2\_8	10488	           1	 7,50000000000000E+000	-5,55000000000000E+000	 2,99788318100615E+001	-4,35149605434406E+001	3,02618151255072E+001	-2,52632185917600E+001	-2,52632185917600E+001	0,00000000000000E+000	 1,09810944924190E+001	 0,00000000000000E+000	1,09810944924190E+001
 Element 30-52 (Plate)	10489	           2	 7,50000000000000E+000	-5,66250000000000E+000	 2,93927586956080E+001	-4,38953730828765E+001	2,96732370687544E+001	-2,18231244420407E+001	-2,18231244420407E+001	0,00000000000000E+000	 8,33601927957835E+000	 0,00000000000000E+000	8,33601927957835E+000
                (ERSS)	10490	           3	 7,50000000000000E+000	-5,77500000000000E+000	 2,88104241382152E+001	-4,42665597223586E+001	2,90883774681057E+001	-1,86987692439069E+001	-1,86987692439069E+001	0,00000000000000E+000	 6,05916781646365E+000	 0,00000000000000E+000	6,05916781646365E+000
                      	10491	           4	 7,50000000000000E+000	-5,88750000000000E+000	 2,82322828665155E+001	-4,46282504360401E+001	2,85076929826104E+001	-1,58892387704873E+001	-1,58892387704873E+001	0,00000000000000E+000	 4,11602430016045E+000	 0,00000000000000E+000	4,11602430016045E+000
                      	10492	           5	 7,50000000000000E+000	-6,00000000000000E+000	 2,76587896091413E+001	-4,49801751980742E+001	2,79316402713175E+001	-1,33936187949109E+001	-1,33936187949109E+001	0,00000000000000E+000	 2,47221348265316E+000	 0,00000000000000E+000	2,47221348265316E+000
           Plate\_1\_9	  881	           1	-7,50000000000000E+000	-6,00000000000000E+000	 2,82610218211028E+001	-4,49741640518812E+001	2,85369748404981E+001	 1,30923952664045E+001	 0,00000000000000E+000	1,30923952664045E+001	-2,29522312780192E+000	-2,29693849009259E+000	0,00000000000000E+000
 Element 31-53 (Plate)	  884	           2	-7,50000000000000E+000	-6,25000000000000E+000	 2,69675166562669E+001	-4,57224344709631E+001	2,72437132140839E+001	 8,68007417273201E+000	 0,00000000000000E+000	8,68007417273201E+000	 4,03362727812271E-001	-5,77457989545175E-004	9,69241809480224E-001
                (ERSS)	  883	           3	-7,50000000000000E+000	-6,50000000000000E+000	 2,57036843671516E+001	-4,64222118926873E+001	2,59793647269207E+001	 5,27297650401565E+000	 0,00000000000000E+000	5,27297650401565E+000	 2,12931382308887E+000	-4,20191022580844E-006	2,14194827724298E+000
                      	  882	           4	-7,50000000000000E+000	-6,75000000000000E+000	 2,44710952056648E+001	-4,70728094838430E+001	2,47455195099734E+001	 2,79907553425892E+000	 0,00000000000000E+000	2,79907553425892E+000	 3,11818484652518E+000	-4,08421923434770E-006	3,11818484652518E+000
                      	 1868	           5	-7,50000000000000E+000	-7,00000000000000E+000	 2,32713194237147E+001	-4,76735404112194E+001	2,35437676942067E+001	 1,18634453746539E+000	-3,36036239863793E-007	1,18644381256498E+000	 3,59980172654930E+000	-4,13878399818018E-006	3,59980172654930E+000
           Plate\_2\_9	10492	           1	 7,50000000000000E+000	-6,00000000000000E+000	 2,76594986523160E+001	-4,49800438313970E+001	2,79323557768831E+001	-1,33061077864343E+001	-1,33061077864343E+001	0,00000000000000E+000	 2,47221348265316E+000	 0,00000000000000E+000	2,47221348265316E+000
 Element 34-56 (Plate)	10136	           2	 7,50000000000000E+000	-6,25000000000000E+000	 2,64009431394646E+001	-4,57280404440394E+001	2,66680486909204E+001	-8,84371999037111E+000	-8,84371999037111E+000	0,00000000000000E+000	-2,73361362350135E-001	-9,51888412694989E-001	4,95670642451995E-004
                (ERSS)	10137	           3	 7,50000000000000E+000	-6,50000000000000E+000	 2,51698299906812E+001	-4,64274816223506E+001	2,54311353542035E+001	-5,39548596168793E+000	-5,39548596168793E+000	0,00000000000000E+000	-2,03487730455611E+000	-2,05570999141047E+000	4,17395426303431E-006
                      	10138	           4	 7,50000000000000E+000	-6,75000000000000E+000	 2,39677358821261E+001	-4,70776758036559E+001	2,42232012248711E+001	-2,89005704873000E+000	-2,89005704873000E+000	1,55483985982828E-008	-3,05025263698540E+000	-3,05025263698540E+000	4,06266738148256E-006
                      	10135	           5	 7,50000000000000E+000	-7,00000000000000E+000	 2,27962374899600E+001	-4,76779314252802E+001	2,30458317610622E+001	-1,25608459984250E+000	-1,25608459984250E+000	3,55040693566898E-007	-3,55172558820097E+000	-3,55172558820097E+000	4,12247820375026E-006
          Plate\_1\_10	 1868	           1	-7,50000000000000E+000	-7,00000000000000E+000	 2,32743437927136E+001	-4,76725400159191E+001	2,35469195003804E+001	 9,84132126419123E-001	-5,24511129346721E-007	9,84345768187152E-001	 3,59980172654930E+000	-4,13878400019781E-006	3,59980172654930E+000
 Element 35-57 (Plate)	 1871	           2	-7,50000000000000E+000	-7,38750000000000E+000	 2,14929300884399E+001	-4,85026325706049E+001	2,17612757938828E+001	-5,43855824811665E-001	-5,78035434238984E-001	8,20213230147576E-003	 3,66535674171880E+000	-4,30369741205597E-006	3,66535674171880E+000
                (ERSS)	 1870	           3	-7,50000000000000E+000	-7,77500000000000E+000	 1,98156084467030E+001	-4,92056357155402E+001	2,00787766867324E+001	-1,55960671092945E+000	-1,55960671092945E+000	3,36053873954351E-007	 3,24651433889306E+000	-4,29294644875016E-006	3,24651433889306E+000
                      	 1869	           4	-7,50000000000000E+000	-8,16250000000000E+000	 1,82425913331663E+001	-4,97808414378690E+001	1,84996894676224E+001	-2,16137357618207E+000	-2,16137357618207E+000	1,15038699383436E-006	 2,50982636831467E+000	-4,01446369127301E-006	2,50982636831467E+000
                      	 1888	           5	-7,50000000000000E+000	-8,55000000000000E+000	 1,67740912134933E+001	-5,02275417247352E+001	1,70242814252463E+001	-2,44740946481732E+000	-2,44740946481732E+000	2,08685601146996E-006	 1,61013789090913E+000	-3,38795316810749E-006	1,61013789090913E+000
          Plate\_2\_10	10135	           1	 7,50000000000000E+000	-7,00000000000000E+000	 2,27996486688666E+001	-4,76768213196243E+001	2,30492639475520E+001	-1,05430828356527E+000	-1,05430828356527E+000	5,40391722651652E-007	-3,55172558820098E+000	-3,55172558820098E+000	4,12247819487910E-006
 Element 38-60 (Plate)	10118	           2	 7,50000000000000E+000	-7,38750000000000E+000	 2,10555763347183E+001	-4,85064149407395E+001	2,12960820420350E+001	 4,81194567292960E-001	-9,14879155753770E-003	5,50040907476711E-001	-3,64298570977086E+000	-3,64298570977086E+000	4,29457852295289E-006
                (ERSS)	10119	           3	 7,50000000000000E+000	-7,77500000000000E+000	 1,94107412948308E+001	-4,92087093217485E+001	1,96422030138245E+001	 1,50604551275727E+000	-3,26621747963180E-007	1,50604551275727E+000	-3,24684647922507E+000	-3,24684647922507E+000	4,28922393765470E-006
                      	10120	           4	 7,50000000000000E+000	-8,16250000000000E+000	 1,78665625969995E+001	-4,97829815483178E+001	1,80890603293529E+001	 2,12083712062238E+000	-1,15495147831714E-006	2,12083712062238E+000	-2,52846819272110E+000	-2,52846819272110E+000	4,01199320831590E-006
                      	10285	           5	 7,50000000000000E+000	-8,55000000000000E+000	 1,64244592890198E+001	-5,02285087061141E+001	1,66380874550525E+001	 2,42616195868303E+000	-2,10442097979601E-006	2,42616195868303E+000	-1,64102664332181E+000	-1,64102664332181E+000	3,38095948025600E-006
          Plate\_1\_11	 1888	           1	-7,50000000000000E+000	-8,55000000000000E+000	 1,67682957391067E+001	-5,02277310126488E+001	1,70185741071377E+001	-2,51173609457680E+000	-2,51173609457680E+000	2,01262968490597E-006	 1,61013789090913E+000	-3,38795316741421E-006	1,61013789090913E+000
 Element 40-71 (Plate)	 1891	           2	-7,50000000000000E+000	-8,72500000000000E+000	 1,61303410228052E+001	-5,03876163368462E+001	1,63773720793931E+001	-2,65886435262771E+000	-2,65886435262771E+000	2,33817831693749E-006	 1,15790025250146E+000	-3,00660952805233E-006	1,15790025250146E+000
                (ERSS)	 1890	           3	-7,50000000000000E+000	-8,90000000000000E+000	 1,55051381847132E+001	-5,05215887903526E+001	1,57488495512586E+001	-2,81267829104341E+000	-2,81267829104341E+000	2,60957247465195E-006	 6,79146269303199E-001	-1,01048250584864E-001	6,79146269303199E-001
                      	 1889	           4	-7,50000000000000E+000	-9,07500000000000E+000	 1,48928415579591E+001	-5,06295537132241E+001	1,51331668706385E+001	-2,97420446044363E+000	-2,97420446044363E+000	2,82371270047510E-006	 1,72785700904619E-001	-3,45316676511051E-001	1,72785700904619E-001
                      	 1908	           5	-7,50000000000000E+000	-9,25000000000000E+000	 1,42936054756710E+001	-5,07114164455168E+001	1,45304843854369E+001	-3,14446941144805E+000	-3,14446941144805E+000	2,97749953683268E-006	-3,62335475050032E-001	-6,78472261654081E-001	0,00000000000000E+000
          Plate\_2\_11	10285	           1	 7,50000000000000E+000	-8,55000000000000E+000	 1,64189057501536E+001	-5,02286996129776E+001	1,66325545498453E+001	 2,48861255953873E+000	-2,03058306088076E-006	2,48861255953873E+000	-1,64102664332181E+000	-1,64102664332181E+000	3,38095948899484E-006
 Element 41-72 (Plate)	10286	           2	 7,50000000000000E+000	-8,72500000000000E+000	 1,57927762981268E+001	-5,03879764608778E+001	1,60024839236006E+001	 2,64620439998695E+000	-2,36027903899601E-006	2,64620439998695E+000	-1,19191144649929E+000	-1,19191144649929E+000	2,99608648811459E-006
                (ERSS)	10287	           3	 7,50000000000000E+000	-8,90000000000000E+000	 1,51794494835523E+001	-5,05213121911318E+001	1,53852629052586E+001	 2,80978516827383E+000	-2,63419093394450E-006	2,80978516827383E+000	-7,14504696798740E-001	-7,14504696798740E-001	1,00752088517394E-001
                      	10288	           4	 7,50000000000000E+000	-9,07500000000000E+000	 1,45790534803240E+001	-5,06286143217232E+001	1,47810240881649E+001	 2,98024563138381E+000	-2,84933728759223E-006	2,98024563138381E+000	-2,07858260371570E-001	-2,07858260371570E-001	3,46364270040374E-001
                      	10525	           5	 7,50000000000000E+000	-9,25000000000000E+000	 1,39917164623360E+001	-5,07097903706356E+001	1,41899000656652E+001	 3,15847655630132E+000	-3,00273664180520E-006	3,15847655630132E+000	 3,29033071520330E-001	 0,00000000000000E+000	6,83103081046753E-001
          Plate\_1\_12	 1908	           1	-7,50000000000000E+000	-9,25000000000000E+000	 1,42932259400120E+001	-5,07113707190815E+001	1,45301128910014E+001	-3,13895545156228E+000	-3,13895545156228E+000	2,96473130451072E-006	-3,62335475050032E-001	-6,78472261654133E-001	0,00000000000000E+000
 Element 42-73 (Plate)	 1911	           2	-7,50000000000000E+000	-9,37500000000000E+000	 1,38717258264138E+001	-5,07538149844271E+001	1,41061326948742E+001	-3,27100698364221E+000	-3,27100698364221E+000	3,02466745314720E-006	-7,62990733803408E-001	-9,68622597353893E-001	0,00000000000000E+000
                (ERSS)	 1910	           3	-7,50000000000000E+000	-9,50000000000000E+000	 1,34564650110683E+001	-5,07827307711252E+001	1,36883841285443E+001	-3,38510453553247E+000	-3,38510453553247E+000	3,01082514345158E-006	-1,17938387687334E+000	-1,30417248368881E+000	0,00000000000000E+000
                      	 1909	           4	-7,50000000000000E+000	-9,62500000000000E+000	 1,30478739515146E+001	-5,07980873860254E+001	1,32773009425931E+001	-3,47567777861705E+000	-3,47567777861705E+000	2,91676268994195E-006	-1,60848279691838E+000	-1,66398108772323E+000	0,00000000000000E+000
                      	 2249	           5	-7,50000000000000E+000	-9,75000000000000E+000	 1,26463831052913E+001	-5,07998541359771E+001	1,28733168876019E+001	-3,53715638427996E+000	-3,53715638427996E+000	2,73603840713637E-006	-2,04704734994856E+000	-2,06609874585016E+000	0,00000000000000E+000
          Plate\_2\_12	10525	           1	 7,50000000000000E+000	-9,25000000000000E+000	 1,39913055325635E+001	-5,07097497657683E+001	1,41894923252228E+001	 3,15268441981223E+000	-2,99004161073985E-006	3,15268441981223E+000	 3,29033071520330E-001	 0,00000000000000E+000	6,83103081046807E-001
 Element 43-74 (Plate)	10526	           2	 7,50000000000000E+000	-9,37500000000000E+000	 1,35781937716181E+001	-5,07516992579794E+001	1,37737176551199E+001	 3,28995931975494E+000	-3,04937852541124E-006	3,28995931975494E+000	 7,31741845570495E-001	 0,00000000000000E+000	9,70883952621308E-001
                (ERSS)	10527	           3	 7,50000000000000E+000	-9,50000000000000E+000	 1,31711866424476E+001	-5,07801272020642E+001	1,33640862320975E+001	 3,40825896539441E+000	-3,03445041563232E-006	3,40825896539441E+000	 1,15077662024434E+000	 0,00000000000000E+000	1,29611662214182E+000
                      	10528	           4	 7,50000000000000E+000	-9,62500000000000E+000	 1,27707135261663E+001	-5,07950024691578E+001	1,29610301391266E+001	 3,50209247795081E+000	-2,93891285302429E-006	3,50209247795081E+000	 1,58298463238079E+000	 0,00000000000000E+000	1,65601706615817E+000
                      	10548	           5	 7,50000000000000E+000	-9,75000000000000E+000	 1,23772038038882E+001	-5,07962939303955E+001	1,25649814591784E+001	 3,56596897864435E+000	-2,75642140920836E-006	3,56596897864435E+000	 2,02500826169785E+000	 0,00000000000000E+000	2,05603820372337E+000
          Plate\_1\_13	 2249	           1	-7,50000000000000E+000	-9,75000000000000E+000	 1,26467646649095E+001	-5,07998825479729E+001	1,28737020992806E+001	-3,51981421801090E+000	-3,51981421801090E+000	2,71812049096072E-006	-2,04704734994856E+000	-2,06609874585013E+000	0,00000000000000E+000
 Element 44-75 (Plate)	 2248	           2	-7,50000000000000E+000	-9,81250000000000E+000	 1,24491877438382E+001	-5,07956439640440E+001	1,26748832833420E+001	-3,51982813373743E+000	-3,51982813373743E+000	2,57252690832193E-006	-2,26720312097492E+000	-2,27391844511870E+000	5,62954593507726E-008
                (ERSS)	 2247	           3	-7,50000000000000E+000	-9,87500000000000E+000	 1,22540628539362E+001	-5,07881814690139E+001	1,24785226320554E+001	-3,47368099195159E+000	-3,47368099195159E+000	2,36750448435573E-006	-2,48607823712885E+000	-2,49087426031822E+000	2,11044329838695E-007
                      	 2246	           4	-7,50000000000000E+000	-9,93750000000000E+000	 1,20616312854424E+001	-5,07775257312205E+001	1,22848631391368E+001	-3,37715601797676E+000	-3,37715601797676E+000	2,09961694110138E-006	-2,70046462101408E+000	-2,70487137418404E+000	3,50992976197873E-007
                      	 2270	           5	-7,50000000000000E+000	-1,00000000000000E+001	 1,18721343285956E+001	-5,07637074190015E+001	1,20941477983022E+001	-3,22603643713631E+000	-3,22603643713631E+000	1,76542800059819E-006	-2,90707240980473E+000	-2,91111531651450E+000	4,72108762623114E-007
          Plate\_2\_13	10548	           1	 7,50000000000000E+000	-9,75000000000000E+000	 1,23776362704022E+001	-5,07963154971048E+001	1,25654160784864E+001	 3,54890752853658E+000	-2,73906113123887E-006	3,54890752853658E+000	 2,02500826169785E+000	 0,00000000000000E+000	2,05603820372332E+000
 Element 45-76 (Plate)	10544	           2	 7,50000000000000E+000	-9,81250000000000E+000	 1,21839992058713E+001	-5,07918056591944E+001	1,23705286411588E+001	 3,54846039079988E+000	-2,59057499704953E-006	3,54846039079988E+000	 2,24696682527378E+000	-9,27154991722629E-008	2,26346765971580E+000
                (ERSS)	10545	           3	 7,50000000000000E+000	-9,87500000000000E+000	 1,19927526179334E+001	-5,07840814438118E+001	1,21780469654244E+001	 3,50221757926663E+000	-2,38337639781001E-006	3,50221757926663E+000	 2,46762500205163E+000	-2,48518375924131E-007	2,47125263351128E+000
                      	10546	           4	 7,50000000000000E+000	-9,93750000000000E+000	 1,18041353729686E+001	-5,07731782856305E+001	1,19882115552476E+001	 3,40618333556524E+000	-2,11430600951584E-006	3,40618333556524E+000	 2,68380843320191E+000	-3,89418135583888E-007	2,68418615640578E+000
                      	10547	           5	 7,50000000000000E+000	-1,00000000000000E+001	 1,16183863373564E+001	-5,07591316193241E+001	1,18012629145929E+001	 3,25636190132415E+000	-1,78020450816255E-006	3,25636190132415E+000	 2,89226518871496E+000	-5,11446390140980E-007	2,89254195178740E+000
          Plate\_1\_14	 2270	           1	-7,50000000000000E+000	-1,00000000000000E+001	 1,18721576149202E+001	-5,07634344144461E+001	1,20941698001542E+001	-3,21122018833609E+000	-3,21122018833609E+000	1,75227900074502E-006	-2,90707240980473E+000	-2,91111531651451E+000	4,72108746906340E-007
 Element 46-77 (Plate)	 2273	           2	-7,50000000000000E+000	-1,00625000000000E+001	 1,16355054824177E+001	-5,06555348254962E+001	1,18554688707156E+001	-2,30717784797366E+000	-2,30717784797366E+000	1,14473542748519E-006	-3,07879585720617E+000	-3,08250643847257E+000	5,62084935193748E-007
                (ERSS)	 2272	           3	-7,50000000000000E+000	-1,01250000000000E+001	 1,13999072151204E+001	-5,05467726315083E+001	1,16178350683467E+001	-1,53196932822855E+000	-1,53196932822855E+000	6,36536603943554E-007	-3,19815202784115E+000	-3,20156463479364E+000	6,17274029387363E-007
                      	 2271	           4	-7,50000000000000E+000	-1,01875000000000E+001	 1,11654969970666E+001	-5,04371007968078E+001	1,13814031188286E+001	-8,81327252251732E-001	-8,81327252251732E-001	2,23564422729117E-007	-3,27293001761946E+000	-3,27607544402006E+000	6,43653234948538E-007
                      	 3220	           5	-7,50000000000000E+000	-1,02500000000000E+001	 1,09324090122945E+001	-5,03264722857198E+001	1,11463077479425E+001	-3,50984243194161E-001	-3,50984243194161E-001	5,90769434432560E-002	-3,31082305330349E+000	-3,31372860811756E+000	6,47111919054171E-007
          Plate\_2\_14	10547	           1	 7,50000000000000E+000	-1,00000000000000E+001	 1,16183454196071E+001	-5,07588674428973E+001	1,18012208261846E+001	 3,23943807951423E+000	-1,76385806460459E-006	3,23943807951423E+000	 2,89226518871496E+000	-5,11446369334215E-007	2,89254195178741E+000
 Element 47-78 (Plate)	10330	           2	 7,50000000000000E+000	-1,00625000000000E+001	 1,13878867872337E+001	-5,06505281970099E+001	1,15687567439345E+001	 2,33391456483946E+000	-1,15044730743154E-006	2,33391456483946E+000	 3,06570507925021E+000	-6,01957806521380E-007	3,06589729610696E+000
                (ERSS)	10331	           3	 7,50000000000000E+000	-1,01250000000000E+001	 1,11583772029490E+001	-5,05413313190153E+001	1,13372626771795E+001	 1,55728390273101E+000	-6,37252206660866E-007	1,55728390273101E+000	 3,18668822565077E+000	-6,57343943128145E-007	3,18681421279670E+000
                      	10332	           4	 7,50000000000000E+000	-1,01875000000000E+001	 1,09299466992061E+001	-5,04312302399391E+001	1,11068691645689E+001	 9,05242188028828E-001	-2,20070282211566E-007	9,05242188028828E-001	 3,26300476135082E+000	-6,83631953612844E-007	3,26309759605822E+000
                      	10643	           5	 7,50000000000000E+000	-1,02500000000000E+001	 1,07027253084584E+001	-5,03201783908070E+001	1,08777067447525E+001	 3,73485515572835E-001	-5,91617985709469E-002	3,73485515572835E-001	 3,30234822594660E+000	-6,86759466895686E-007	3,30242546221301E+000
          Plate\_1\_15	 3220	           1	-7,50000000000000E+000	-1,02500000000000E+001	 1,09322956523455E+001	-5,03260448249191E+001	1,11461911754493E+001	-3,28919423521438E-001	-3,28919423521438E-001	6,27693149104261E-002	-3,31082305330349E+000	-3,31372860811756E+000	6,47111922285002E-007
 Element 48-79 (Plate)	 3223	           2	-7,50000000000000E+000	-1,03471228822834E+001	 1,05718448730777E+001	-5,01512108746946E+001	1,07826385929578E+001	 3,28002640764128E-001	-4,99972990143619E-007	4,30003234780441E-001	-3,30966703964056E+000	-3,31224796158724E+000	6,16365864602968E-007
                (ERSS)	 3222	           3	-7,50000000000000E+000	-1,04442457645668E+001	 1,02137129874125E+001	-4,99719735546884E+001	1,04214219437555E+001	 8,42936005202028E-001	-7,87330803958132E-007	8,72981118256818E-001	-3,25172893502645E+000	-3,25403602324925E+000	5,53129024803450E-007
                      	 3221	           4	-7,50000000000000E+000	-1,05413686468502E+001	 9,85818477157913E+000	-4,97883702884822E+001	1,00628278485124E+001	 1,22303181233451E+000	-9,84013952838256E-007	1,22777120972974E+000	-3,15025537208537E+000	-3,15233272508832E+000	4,66328763956901E-007
                      	 3366	           5	-7,50000000000000E+000	-1,06384915291337E+001	 9,50554500180667E+000	-4,96004384996574E+001	9,70714292789863E+000	 1,47544120470383E+000	-1,09553315312236E-006	1,47725100028871E+000	-3,01826707473263E+000	-3,02015216880331E+000	3,64721626271801E-007
          Plate\_1\_15	 3366	           1	-7,50000000000000E+000	-1,06384915291337E+001	 9,50558451949103E+000	-4,96000280319705E+001	9,70718016855331E+000	 1,49213743857646E+000	-1,10766816951723E-006	1,49394094123236E+000	-3,01826707473263E+000	-3,02015216880331E+000	3,64721617660164E-007
 Element 48-80 (Plate)	 3369	           2	-7,50000000000000E+000	-1,07419313894903E+001	 9,13330097735447E+000	-4,93942175160037E+001	9,33167138329458E+000	 1,67117692890558E+000	-1,17069004029311E-006	1,67266371676569E+000	-2,85409718363519E+000	-2,85581256041721E+000	2,46547241159323E-007
                (ERSS)	 3368	           3	-7,50000000000000E+000	-1,08453712498470E+001	 8,76474711249120E+000	-4,91817544536956E+001	8,95990760517270E+000	 1,78409545379811E+000	-1,19398043909448E-006	1,78531287555080E+000	-2,67483270584095E+000	-2,67640858210185E+000	1,23914317435005E-007
                      	 3367	           4	-7,50000000000000E+000	-1,09488111102037E+001	 8,40023545782964E+000	-4,89627147574888E+001	8,59220350615977E+000	 1,83469921146034E+000	-1,18018548375256E-006	1,83569314614003E+000	-2,48706616824008E+000	-2,48852804588713E+000	7,57834421588063E-010
                      	 4246	           5	-7,50000000000000E+000	-1,10522509705603E+001	 8,04007854629825E+000	-4,87371743398263E+001	8,22887375822791E+000	 1,82679440009852E+000	-1,13195129209857E-006	1,82760925708573E+000	-2,29726733131000E+000	-2,29863605206448E+000	0,00000000000000E+000
          Plate\_1\_15	 4246	           1	-7,50000000000000E+000	-1,10522509705603E+001	 8,04013713311189E+000	-4,87367710592088E+001	8,22893043808325E+000	 1,83564906113165E+000	-1,13778471946241E-006	1,83645940424976E+000	-2,29726733131000E+000	-2,29863605206448E+000	0,00000000000000E+000
 Element 48-81 (Plate)	 4247	           2	-7,50000000000000E+000	-1,11624186721261E+001	 7,66163666919872E+000	-4,84885971871984E+001	7,84706887724628E+000	 1,78977547552653E+000	-1,06673784883847E-006	1,79043185109207E+000	-2,09736997295830E+000	-2,09865819471364E+000	0,00000000000000E+000
                (ERSS)	 4248	           3	-7,50000000000000E+000	-1,12725863736919E+001	 7,28862138497613E+000	-4,82313808316093E+001	7,47070836495904E+000	 1,71990840371832E+000	-9,84522831691496E-007	1,72043973723773E+000	-1,90381370897459E+000	-1,90503674189914E+000	0,00000000000000E+000
                      	 4249	           4	-7,50000000000000E+000	-1,13827540752577E+001	 6,92141618157028E+000	-4,79652311481570E+001	7,10017609735326E+000	 1,62819453090680E+000	-8,92514570339153E-007	1,62862853371179E+000	-1,71912752043098E+000	-1,72029762646116E+000	0,00000000000000E+000
                      	 4288	           5	-7,50000000000000E+000	-1,14929217768235E+001	 6,56034596010734E+000	-4,76902572925567E+001	6,73579927056069E+000	 1,51678054229178E+000	-7,92087967099120E-007	1,51714371153929E+000	-1,54577121926939E+000	-1,54689765688682E+000	0,00000000000000E+000
          Plate\_1\_15	 4288	           1	-7,50000000000000E+000	-1,14929217768235E+001	 6,56036524563343E+000	-4,76898244448246E+001	6,73581673045104E+000	 1,52113112092141E+000	-7,94687712705919E-007	1,52149114915663E+000	-1,54577121926939E+000	-1,54689765688682E+000	0,00000000000000E+000
 Element 48-82 (Plate)	 4289	           2	-7,50000000000000E+000	-1,16102549057202E+001	 6,18277190632184E+000	-4,73864331001280E+001	6,35472114320096E+000	 1,39516038208692E+000	-6,87380745092450E-007	1,39546511214791E+000	-1,37469833237263E+000	-1,37578593179537E+000	0,00000000000000E+000
                (ERSS)	 4290	           3	-7,50000000000000E+000	-1,17275880346170E+001	 5,81250124053720E+000	-4,70712726116873E+001	5,98096554474593E+000	 1,26805336288343E+000	-5,83208735999295E-007	1,26831750910323E+000	-1,21843087109376E+000	-1,21948521912668E+000	0,00000000000000E+000
                      	 4291	           4	-7,50000000000000E+000	-1,18449211635137E+001	 5,44985799879484E+000	-4,67444896847617E+001	5,61485710030645E+000	 1,14086780317983E+000	-4,82777959859185E-007	1,14110520080485E+000	-1,07706329443394E+000	-1,07808835250645E+000	0,00000000000000E+000
                      	 5306	           5	-7,50000000000000E+000	-1,19622542924104E+001	 5,09514693161008E+000	-4,64062310246102E+001	5,25670297510302E+000	 1,01466144284500E+000	-3,86694691104851E-007	1,01488504803507E+000	-9,50657115705937E-001	-9,51655252602220E-001	0,00000000000000E+000
          Plate\_1\_15	 5306	           1	-7,50000000000000E+000	-1,19622542924104E+001	 5,09510882784323E+000	-4,64057360729653E+001	5,25666301060296E+000	 1,01621490304554E+000	-3,87424792118680E-007	1,01643658270651E+000	-9,50657115705938E-001	-9,51655252602217E-001	0,00000000000000E+000
 Element 48-83 (Plate)	 5307	           2	-7,50000000000000E+000	-1,20872188958380E+001	 4,72613277888975E+000	-4,60319511798237E+001	4,88404130221402E+000	 8,88994089659862E-001	-2,93144765098227E-007	8,89209416771008E-001	-8,31729346897348E-001	-8,32700243827771E-001	0,00000000000000E+000
                (ERSS)	 5308	           3	-7,50000000000000E+000	-1,22121834992655E+001	 4,36624521909951E+000	-4,56431569011294E+001	4,52052725442740E+000	 7,70588177281133E-001	-2,07447373632377E-007	7,70802296396697E-001	-7,28111632389747E-001	-7,29055734883518E-001	0,00000000000000E+000
                      	 5309	           4	-7,50000000000000E+000	-1,23371481026931E+001	 4,01572486435585E+000	-4,52395411751500E+001	4,16640209356810E+000	 6,61296481300900E-001	-1,30441690259123E-007	6,61514028745227E-001	-6,38712897995875E-001	-6,39630074916326E-001	0,00000000000000E+000
                      	 5336	           5	-7,50000000000000E+000	-1,24621127061207E+001	 3,67485043054209E+000	-4,48212919401532E+001	3,82194704596110E+000	 5,61418317110712E-001	-6,22367875164637E-008	5,61643420978247E-001	-5,62435324091084E-001	-5,63324886947671E-001	0,00000000000000E+000
          Plate\_1\_15	 5336	           1	-7,50000000000000E+000	-1,24621127061207E+001	 3,67475936677172E+000	-4,48206898532977E+001	3,82185399083682E+000	 5,61380406894106E-001	-6,19963142533444E-008	5,61604492662106E-001	-5,62435324091084E-001	-5,63324886947673E-001	0,00000000000000E+000
 Element 48-84 (Plate)	 5337	           2	-7,50000000000000E+000	-1,25952051434966E+001	 3,32226216264103E+000	-4,43580812596127E+001	3,46556671651769E+000	 4,66509672241774E-001	 0,00000000000000E+000	4,66743117510606E-001	-4,94166723777339E-001	-4,95025846749249E-001	0,00000000000000E+000
                (ERSS)	 5338	           3	-7,50000000000000E+000	-1,27282975808726E+001	 2,98053743065166E+000	-4,38764585947499E+001	3,12007291940589E+000	 3,82315392904783E-001	 0,00000000000000E+000	3,82557975186942E-001	-4,37787096850035E-001	-4,38614527989961E-001	0,00000000000000E+000
                      	 5339	           4	-7,50000000000000E+000	-1,28613900182485E+001	 2,64983636434020E+000	-4,33760521027196E+001	2,78562637087419E+000	 3,08710722603462E-001	 0,00000000000000E+000	3,08962013624933E-001	-3,91907083501149E-001	-3,92701638805391E-001	0,00000000000000E+000
                      	 6508	           5	-7,50000000000000E+000	-1,29944824556244E+001	 2,33041015724325E+000	-4,28570920275321E+001	2,46248084229534E+000	 2,45608815058138E-001	 0,00000000000000E+000	2,45868180758398E-001	-3,55144282566710E-001	-3,55904853934373E-001	0,00000000000000E+000
          Plate\_1\_15	 6508	           1	-7,50000000000000E+000	-1,29944824556244E+001	 2,33028614192578E+000	-4,28563158711056E+001	2,46235459445823E+000	 2,44947634267665E-001	 0,00000000000000E+000	2,45206597328350E-001	-3,55144282566710E-001	-3,55904853934373E-001	0,00000000000000E+000
 Element 48-85 (Plate)	 6509	           2	-7,50000000000000E+000	-1,31362313701235E+001	 2,00230710045252E+000	-4,22818695763753E+001	2,13043955463568E+000	 1,87989171585452E-001	 0,00000000000000E+000	1,88254602291072E-001	-3,24572439455608E-001	-3,25295823202495E-001	0,00000000000000E+000
                (ERSS)	 6510	           3	-7,50000000000000E+000	-1,32779802846226E+001	 1,68678015593105E+000	-4,16832550872628E+001	1,81099886607799E+000	 1,39790278333152E-001	-4,46362514444165E-004	1,40059511485482E-001	-3,01436396239549E-001	-3,02121843469748E-001	0,00000000000000E+000
                      	 6511	           4	-7,50000000000000E+000	-1,34197291991216E+001	 1,38392813266767E+000	-4,10607456971221E+001	1,50425797219814E+000	 1,00121327057180E-001	-7,08431718091328E-003	1,00391592530259E-001	-2,84530220322533E-001	-2,85177390232468E-001	0,00000000000000E+000
                      	 6532	           5	-7,50000000000000E+000	-1,35614781136207E+001	 1,09397385496867E+000	-4,04146146993072E+001	1,21044231640914E+000	 6,87526903039504E-002	-1,24081542504031E-002	6,90211130440810E-002	-2,72659937378459E-001	-2,73268901678026E-001	0,00000000000000E+000
          Plate\_1\_15	 6532	           1	-7,50000000000000E+000	-1,35614781136207E+001	 1,09385257550011E+000	-4,04135613580320E+001	1,21031841773773E+000	 6,81265133894403E-002	-1,25063369910027E-002	6,83947720807880E-002	-2,72659937378459E-001	-2,73268901678027E-001	0,00000000000000E+000
 Element 48-86 (Plate)	 6533	           2	-7,50000000000000E+000	-1,37124465319458E+001	 7,98999541272026E-001	-3,96976560044962E+001	9,11378904314682E-001	 4,20401454318771E-002	-1,70602985296504E-002	4,23028625657048E-002	-2,64426745292713E-001	-2,64995587537665E-001	0,00000000000000E+000
                (ERSS)	 6534	           3	-7,50000000000000E+000	-1,38634149502708E+001	 5,18423006029262E-001	-3,89506803997734E+001	6,26738011352750E-001	 2,22352138059216E-002	-2,06252901972527E-002	2,24882731068789E-002	-2,59649938552722E-001	-2,60179785948583E-001	0,00000000000000E+000
                      	 6535	           4	-7,50000000000000E+000	-1,40143833685958E+001	 2,52322280298705E-001	-3,81729419971396E+001	3,56597664697077E-001	 8,54073779906928E-003	-2,32189997307339E-002	8,77995676849865E-003	-2,57404233760746E-001	-2,57896860784210E-001	0,00000000000000E+000
                      	 7778	           5	-7,50000000000000E+000	-1,41653517869209E+001	 8,96674607236636E-004	-3,73647482498708E+001	1,01159790192803E-001	 7,85736698815737E-004	-2,48591148670178E-002	1,00686661475276E-003	-2,56773042282675E-001	-2,57230874309111E-001	0,00000000000000E+000
          Plate\_1\_15	 7778	           1	-7,50000000000000E+000	-1,41653517869209E+001	 8,24647660675137E-004	-3,73632483227723E+001	1,01084526498121E-001	 5,21282713621797E-004	-2,48395386995646E-002	7,42187035851587E-004	-2,56773042282675E-001	-2,57230874309111E-001	0,00000000000000E+000
 Element 48-87 (Plate)	 7779	           2	-7,50000000000000E+000	-1,43261393556448E+001	-2,50998662419664E-001	-3,64665058769475E+001	0,00000000000000E+000	-2,35893026404717E-003	-2,56624636515215E-002	1,80627114058840E-007	-2,56992973092680E-001	-2,57417171192680E-001	0,00000000000000E+000
                (ERSS)	 7780	           3	-7,50000000000000E+000	-1,44869269243687E+001	-4,86335955837465E-001	-3,55290502510412E+001	0,00000000000000E+000	 1,35572640380015E-004	-2,53168608463441E-002	3,01989209872304E-004	-2,57243228609961E-001	-2,57638159970703E-001	0,00000000000000E+000
                      	 7781	           4	-7,50000000000000E+000	-1,46477144930926E+001	-7,05005425250226E-001	-3,45512014378458E+001	0,00000000000000E+000	 7,98432513569663E-003	-2,37680916532804E-002	8,11472812508059E-003	-2,56662555025768E-001	-2,57033538713305E-001	0,00000000000000E+000
                      	 9023	           5	-7,50000000000000E+000	-1,48085020618166E+001	-9,06825263315444E-001	-3,35332794301540E+001	0,00000000000000E+000	 2,11668609306960E-002	-2,09815174415784E-002	2,12553882891099E-002	-2,54390429445723E-001	-2,54743738718358E-001	0,00000000000000E+000
          Plate\_1\_15	 9023	           1	-7,50000000000000E+000	-1,48085020618166E+001	-9,06783986770984E-001	-3,35310362201981E+001	0,00000000000000E+000	 2,12288355994116E-002	-2,07490190438490E-002	2,13174352446436E-002	-2,54390429445723E-001	-2,54743738718357E-001	0,00000000000000E+000
 Element 48-88 (Plate)	 9024	           2	-7,50000000000000E+000	-1,49797474291787E+001	-1,10321930813468E+000	-3,23991598637693E+001	0,00000000000000E+000	 4,12206546049470E-002	-1,61033057969543E-002	4,12574812486020E-002	-2,49136842618945E-001	-2,49479320268723E-001	0,00000000000000E+000
                (ERSS)	 9025	           3	-7,50000000000000E+000	-1,51509927965408E+001	-1,28022440817570E+000	-3,12124734149701E+001	0,00000000000000E+000	 6,76214275302112E-002	-8,98894644366638E-003	6,76224575208250E-002	-2,39905073454702E-001	-2,40246120685798E-001	0,00000000000000E+000
                      	 9026	           4	-7,50000000000000E+000	-1,53222381639029E+001	-1,43762769491138E+000	-2,99712575684727E+001	0,00000000000000E+000	 1,00404564447769E-001	-5,56355567652187E-008	1,00404564447769E-001	-2,25607657070526E-001	-2,26077751549250E-001	0,00000000000000E+000
                      	 9149	           5	-7,50000000000000E+000	-1,54934835312651E+001	-1,57525757635903E+000	-2,86757930189494E+001	0,00000000000000E+000	 1,39543475430184E-001	-1,11301736244680E-007	1,39543475430184E-001	-2,05156858420975E-001	-2,07820604047487E-001	0,00000000000000E+000
          Plate\_1\_15	 9149	           1	-7,50000000000000E+000	-1,54934835312651E+001	-1,57502297307561E+000	-2,86722611463190E+001	0,00000000000000E+000	 1,38299279846654E-001	-1,06995716334228E-007	1,38299279846654E-001	-2,05156858420975E-001	-2,07820604047483E-001	0,00000000000000E+000
 Element 48-89 (Plate)	 9150	           2	-7,50000000000000E+000	-1,56758668838820E+001	-1,69953903063262E+000	-2,72271324385151E+001	0,00000000000000E+000	 1,87830779745525E-001	-1,68218012112321E-007	1,87830779745525E-001	-1,75476945187921E-001	-1,85242395192638E-001	0,00000000000000E+000
                (ERSS)	 9151	           3	-7,50000000000000E+000	-1,58582502364989E+001	-1,80046693377688E+000	-2,57055093476192E+001	0,00000000000000E+000	 2,39577308371798E-001	-2,14169651871436E-007	2,39577308371798E-001	-1,36492008781137E-001	-1,65463877616442E-001	0,00000000000000E+000
                      	 9152	           4	-7,50000000000000E+000	-1,60406335891158E+001	-1,87763580160032E+000	-2,41074973831950E+001	0,00000000000000E+000	 2,92339704282847E-001	-2,41793249887691E-007	2,92339704282847E-001	-8,80051973857347E-002	-1,53752081197307E-001	0,00000000000000E+000
                      	 9365	           5	-7,50000000000000E+000	-1,62230169417327E+001	-1,93087475319486E+000	-2,24332020548061E+001	0,00000000000000E+000	 3,44918806036047E-001	-2,48031420437202E-007	3,44918806036047E-001	-2,98832005664913E-002	-1,36897834943487E-001	0,00000000000000E+000
          Plate\_1\_15	 9365	           1	-7,50000000000000E+000	-1,62230169417327E+001	-1,93036498918322E+000	-2,24273391596013E+001	0,00000000000000E+000	 3,27776373206331E-001	-2,16550875922253E-007	3,27776373206331E-001	-2,98832005664913E-002	-1,36897834943581E-001	0,00000000000000E+000
 Element 48-90 (Plate)	 9366	           2	-7,50000000000000E+000	-1,64172627062995E+001	-1,96027727843688E+000	-2,05510111577930E+001	0,00000000000000E+000	 3,84960433832436E-001	-1,95190931505034E-007	3,84960433832436E-001	 4,01802549968720E-002	-1,12672193299299E-001	4,01802549968720E-002
                (ERSS)	 9367	           3	-7,50000000000000E+000	-1,66115084708664E+001	-1,96094851243480E+000	-1,85629581320382E+001	0,00000000000000E+000	 3,70319022359772E-001	-1,49457581127875E-008	3,70320137194879E-001	 1,15222053408199E-001	-8,09337923642802E-002	1,15222053408199E-001
                      	 9368	           4	-7,50000000000000E+000	-1,68057542354332E+001	-1,93216113151958E+000	-1,64622065463158E+001	0,00000000000000E+000	 2,65561289895758E-001	 0,00000000000000E+000	2,65683738202905E-001	 1,78247541521096E-001	-4,35143219807629E-002	1,78247541521096E-001
                      	10663	           5	-7,50000000000000E+000	-1,70000000000000E+001	-1,87369757603377E+000	-1,42477828646046E+001	0,00000000000000E+000	 5,23963875478136E-002	 0,00000000000000E+000	2,14708744679297E-001	 2,11175380759815E-001	-2,50780283583856E-003	2,11175380759815E-001
          Plate\_2\_15	10643	           1	 7,50000000000000E+000	-1,02500000000000E+001	 1,07026017779801E+001	-5,03197530189167E+001	1,08775797833378E+001	 3,51658956087616E-001	-6,27359864571862E-002	3,51658956087616E-001	 3,30234822594660E+000	-6,86759483365794E-007	3,30242546221301E+000
 Element 49-91 (Plate)	10644	           2	 7,50000000000000E+000	-1,03471228822834E+001	 1,03511492242235E+001	-5,01442369965342E+001	1,05231431580546E+001	-3,07423374728322E-001	-4,32325837860922E-001	5,11046497599248E-007	 3,30329298809125E+000	-6,55133976219645E-007	3,30335289915382E+000
                (ERSS)	10645	           3	 7,50000000000000E+000	-1,04442457645668E+001	 1,00017769939688E+001	-4,99643190254288E+001	1,01708205778627E+001	-8,24294640439085E-001	-8,64484215498176E-001	8,01560593753490E-007	 3,24725906817830E+000	-5,90660831068488E-007	3,24730730137631E+000
                      	10646	           4	 7,50000000000000E+000	-1,05413686468502E+001	 9,65477905587032E+000	-4,97800309630051E+001	9,82090760230392E+000	-1,20617662860278E+000	-1,21720388713609E+000	1,00043467253869E-006	 3,14750807272460E+000	-5,02363423510025E-007	3,14754918568765E+000
                      	11411	           5	 7,50000000000000E+000	-1,06384915291337E+001	 9,31044937858242E+000	-4,95914046666676E+001	9,47369979092029E+000	-1,46029112677752E+000	-1,46031445806202E+000	1,11328623782001E-006	 3,01707354913476E+000	-3,99091072377024E-007	3,01711102758061E+000
          Plate\_2\_15	11411	           1	 7,50000000000000E+000	-1,06384915291337E+001	 9,31048138129699E+000	-4,95909940214978E+001	9,47372907465495E+000	-1,47680794547272E+000	-1,47683015766474E+000	1,12535423173392E-006	 3,01707354913476E+000	-3,99091052177967E-007	3,01711102758061E+000
 Element 49-92 (Plate)	11412	           2	 7,50000000000000E+000	-1,07419313894903E+001	 8,94682819918211E+000	-4,93844260421325E+001	9,10704524055578E+000	-1,65776070065639E+000	-1,65776165286214E+000	1,18928144579499E-006	 2,85438760477533E+000	-2,79035613243681E-007	2,85442418376939E+000
                (ERSS)	11413	           3	 7,50000000000000E+000	-1,08453712498470E+001	 8,58663965838218E+000	-4,91711960801708E+001	8,74385759772460E+000	-1,77238330924265E+000	-1,77238330924265E+000	1,21295010101567E-006	 2,67642231554490E+000	-1,54456191100176E-007	2,67646025431129E+000
                      	11414	           4	 7,50000000000000E+000	-1,09488111102037E+001	 8,23023793690244E+000	-4,89513771029461E+001	8,38449015083187E+000	-1,82455620671414E+000	-1,82455620671414E+000	1,19908524823727E-006	 2,48978480490693E+000	-2,93362957521871E-008	2,48984060499803E+000
                      	11635	           5	 7,50000000000000E+000	-1,10522509705603E+001	 7,87794521274812E+000	-4,87250420777920E+001	8,02926690454811E+000	-1,81815982855352E+000	-1,81815982855352E+000	1,15041193830108E-006	 2,30095703401919E+000	 0,00000000000000E+000	2,30104244781141E+000
          Plate\_2\_15	11635	           1	 7,50000000000000E+000	-1,10522509705603E+001	 7,87801622092006E+000	-4,87246367091543E+001	8,02933556037706E+000	-1,82698028939028E+000	-1,82698028939028E+000	1,15627636136153E-006	 2,30095703401919E+000	 0,00000000000000E+000	2,30104244781141E+000
 Element 49-93 (Plate)	11636	           2	 7,50000000000000E+000	-1,11624186721261E+001	 7,50758743740505E+000	-4,84756030793301E+001	7,65581980235917E+000	-1,78259004171472E+000	-1,78259004171472E+000	1,08452326850440E-006	 2,10193186203242E+000	 0,00000000000000E+000	2,10204933584289E+000
                (ERSS)	11637	           3	 7,50000000000000E+000	-1,12725863736919E+001	 7,14238711396945E+000	-4,82175054467050E+001	7,28756386432227E+000	-1,71409321776618E+000	-1,71409321776618E+000	1,00145540335050E-006	 1,90909065432505E+000	 0,00000000000000E+000	1,90923936929041E+000
                      	11638	           4	 7,50000000000000E+000	-1,13827540752577E+001	 6,78272622673654E+000	-4,79504544591296E+001	6,92488066242598E+000	-1,62362645704071E+000	-1,62362645704071E+000	9,08462833803407E-007	 1,72497551639210E+000	 0,00000000000000E+000	1,72515380912224E+000
                      	11665	           5	 7,50000000000000E+000	-1,14929217768235E+001	 6,42891575182961E+000	-4,76745607644545E+001	6,56808311282997E+000	-1,51332639903440E+000	-1,51332639903440E+000	8,06935627766713E-007	 1,55205967474092E+000	 0,00000000000000E+000	1,55227616932654E+000
          Plate\_2\_15	11665	           1	 7,50000000000000E+000	-1,14929217768235E+001	 6,42894775708875E+000	-4,76741257704678E+001	6,56811289460560E+000	-1,51774921382546E+000	-1,51774921382546E+000	8,09598847847880E-007	 1,55205967474092E+000	 0,00000000000000E+000	1,55227616932654E+000
 Element 49-94 (Plate)	11666	           2	 7,50000000000000E+000	-1,16102549057202E+001	 6,05880094158682E+000	-4,73697312570010E+001	6,19481930099584E+000	-1,39279927759179E+000	-1,39279927759179E+000	7,01066319949257E-007	 1,38132339413875E+000	 0,00000000000000E+000	1,38162003040857E+000
                (ERSS)	11667	           3	 7,50000000000000E+000	-1,17275880346170E+001	 5,69569705931554E+000	-4,70535397309327E+001	5,82860066765266E+000	-1,26664261886548E+000	-1,26664261886548E+000	5,95710731426149E-007	 1,22527582470858E+000	 0,00000000000000E+000	1,22564205427840E+000
                      	11668	           4	 7,50000000000000E+000	-1,18449211635137E+001	 5,33993788018576E+000	-4,67256989257514E+001	5,46976076982895E+000	-1,14029375513569E+000	-1,14029375513569E+000	4,94119676981531E-007	 1,08402392987430E+000	 0,00000000000000E+000	1,08444907162367E+000
                      	12519	           5	 7,50000000000000E+000	-1,19622542924104E+001	 4,99182517410831E+000	-4,63863565749456E+001	5,11860338277758E+000	-1,01476720389157E+000	-1,01476720389157E+000	3,96880751318378E-007	 9,57643238782185E-001	 0,00000000000000E+000	9,58116507109445E-001
          Plate\_2\_15	12519	           1	 7,50000000000000E+000	-1,19622542924104E+001	 4,99180001156177E+000	-4,63858595979131E+001	5,11857604824899E+000	-1,01634368114922E+000	-1,01634368114922E+000	3,97635733182233E-007	 9,57643238782185E-001	 0,00000000000000E+000	9,58116507109446E-001
 Element 49-95 (Plate)	12520	           2	 7,50000000000000E+000	-1,20872188958380E+001	 4,62956113431550E+000	-4,60108870710752E+001	4,75313011406830E+000	-8,89762947815443E-001	-8,89762947815443E-001	3,02213545087526E-007	 8,38658096050827E-001	 0,00000000000000E+000	8,39171281843050E-001
                (ERSS)	12521	           3	 7,50000000000000E+000	-1,22121834992655E+001	 4,27613702580761E+000	-4,56208681141589E+001	4,39653215436279E+000	-7,71878297530285E-001	-7,71878297530285E-001	2,15449438731187E-007	 7,34910570917402E-001	 0,00000000000000E+000	7,35452622100790E-001
                      	12522	           4	 7,50000000000000E+000	-1,23371481026931E+001	 3,93180443555873E+000	-4,52159908120116E+001	4,04906097705763E+000	-6,62995900853486E-001	-6,62995900853486E-001	1,37455927985724E-007	 6,45323795186529E-001	 0,00000000000000E+000	6,45884541080352E-001
                      	12720	           5	 7,50000000000000E+000	-1,24621127061207E+001	 3,59684011308950E+000	-4,47964432494810E+001	3,71099539007802E+000	-5,63421928344783E-001	-5,63424509079103E-001	6,83455267236437E-008	 5,68813875103269E-001	 0,00000000000000E+000	5,69384033389455E-001
          Plate\_2\_15	12720	           1	 7,50000000000000E+000	-1,24621127061207E+001	 3,59676238230686E+000	-4,47958381827983E+001	3,71091547367717E+000	-5,63415780877862E-001	-5,63418349544648E-001	6,81127279189101E-008	 5,68813875103269E-001	 0,00000000000000E+000	5,69384033389454E-001
 Element 49-96 (Plate)	12721	           2	 7,50000000000000E+000	-1,25952051434966E+001	 3,25027867377643E+000	-4,43318051463633E+001	3,36116591520659E+000	-4,68786729309233E-001	-4,68812134517536E-001	4,39675048128907E-009	 5,00257753360644E-001	 0,00000000000000E+000	5,00828875412504E-001
                (ERSS)	12722	           3	 7,50000000000000E+000	-1,27282975808726E+001	 2,91431021025135E+000	-4,38487057570023E+001	3,02196625051541E+000	-3,84769197604050E-001	-3,84851017270569E-001	0,00000000000000E+000	 4,43562332865148E-001	 0,00000000000000E+000	4,44126254847865E-001
                      	12723	           4	 7,50000000000000E+000	-1,28613900182485E+001	 2,58910581120090E+000	-4,33467720054488E+001	2,69356739229704E+000	-3,11267204732095E-001	-3,11397259932412E-001	0,00000000000000E+000	 3,97348080729241E-001	 0,00000000000000E+000	3,97897804571204E-001
                      	13686	           5	 7,50000000000000E+000	-1,29944824556244E+001	 2,27491429609437E+000	-4,28262358824364E+001	2,37622025324488E+000	-2,48184769663149E-001	-2,48354405509465E-001	0,00000000000000E+000	 3,60242787177884E-001	 0,00000000000000E+000	3,60772476248824E-001
          Plate\_2\_15	13686	           1	 7,50000000000000E+000	-1,29944824556244E+001	 2,27480446218831E+000	-4,28254563325352E+001	2,37610814639926E+000	-2,47542839003119E-001	-2,47712917494224E-001	0,00000000000000E+000	 3,60242787177884E-001	 0,00000000000000E+000	3,60772476248824E-001
 Element 49-97 (Plate)	13687	           2	 7,50000000000000E+000	-1,31362313701235E+001	 1,95214584592831E+000	-4,22492690090217E+001	2,05012735189100E+000	-1,90568489038089E-001	-1,90772126200185E-001	0,00000000000000E+000	 3,29303746017787E-001	 0,00000000000000E+000	3,29806862572861E-001
                (ERSS)	13688	           3	 7,50000000000000E+000	-1,32779802846226E+001	 1,64170336549267E+000	-4,16488437609732E+001	1,73639870106422E+000	-1,42309101626850E-001	-1,42538638291146E-001	0,00000000000000E+000	 3,05805790046987E-001	 0,00000000000000E+000	3,06278110291562E-001
                      	13689	           4	 7,50000000000000E+000	-1,34197291991216E+001	 1,34369983594530E+000	-4,10244537391549E+001	1,43516346977310E+000	-1,02536219552016E-001	-1,02784151569336E-001	6,97871678295518E-003	 2,88549332180630E-001	 0,00000000000000E+000	2,88987714928329E-001
                      	13786	           5	 7,50000000000000E+000	-1,35614781136207E+001	 1,05835807235011E+000	-4,03763720943315E+001	1,14663431701215E+000	-7,10213855962006E-002	-7,12803638369805E-002	1,27549509750025E-002	 2,76346696858260E-001	 0,00000000000000E+000	2,76749075806424E-001
          Plate\_2\_15	13786	           1	 7,50000000000000E+000	-1,35614781136207E+001	 1,05825008177717E+000	-4,03753144691935E+001	1,14652388272582E+000	-7,03849557019208E-002	-7,06442727038916E-002	1,28861133631485E-002	 2,76346696858260E-001	 0,00000000000000E+000	2,76749075806423E-001
 Element 49-98 (Plate)	13787	           2	 7,50000000000000E+000	-1,37124465319458E+001	 7,68082458501154E-001	-3,96572462922689E+001	8,53014977309326E-001	-4,41123491405605E-002	-4,43766023552633E-002	1,80838849915831E-002	 2,67786001845448E-001	 0,00000000000000E+000	2,68148784984896E-001
                (ERSS)	13788	           3	 7,50000000000000E+000	-1,38634149502708E+001	 4,91985665511403E-001	-3,89080075246015E+001	5,73611280132881E-001	-2,40747598003740E-002	-2,43373823165690E-002	2,25458770414275E-002	 2,62713435218475E-001	 0,00000000000000E+000	2,63036357698968E-001
                      	13789	           4	 7,50000000000000E+000	-1,40143833685958E+001	 2,30159901196153E-001	-3,81279055080935E+001	3,08515046547368E-001	-1,01085926001941E-002	-1,03631061616932E-002	2,63024937968737E-002	 2,60209898468737E-001	 0,00000000000000E+000	2,60493693699222E-001
                      	14690	           5	 7,50000000000000E+000	-1,41653517869209E+001	-1,71946360563604E-002	-3,73172475846474E+001	5,79285319036653E-002	-2,05025245885367E-003	-2,29026746452032E-003	2,93841395421140E-002	 2,59364660468235E-001	 0,00000000000000E+000	2,59611056278061E-001
          Plate\_2\_15	14690	           1	 7,50000000000000E+000	-1,41653517869209E+001	-1,72516253026169E-002	-3,73157389443895E+001	5,78687429059091E-002	-1,77978019018990E-003	-2,01980971362607E-003	2,93988317687565E-002	 2,59364660468235E-001	 0,00000000000000E+000	2,59611056278063E-001
 Element 49-99 (Plate)	14691	           2	 7,50000000000000E+000	-1,43261393556448E+001	-2,64933409360997E-001	-3,64162479161091E+001	0,00000000000000E+000	 1,49024818060165E-003	-1,75129432357510E-007	3,21536692673640E-002	 2,59412909503728E-001	 0,00000000000000E+000	2,59622400145442E-001
                (ERSS)	14692	           3	 7,50000000000000E+000	-1,44869269243687E+001	-4,96295535327041E-001	-3,54758924444694E+001	0,00000000000000E+000	-5,61127271051774E-004	-7,49717207828726E-004	3,42697898895023E-002	 2,59558373717179E-001	 0,00000000000000E+000	2,59735077258369E-001
                      	14693	           4	 7,50000000000000E+000	-1,46477144930926E+001	-7,11155504094490E-001	-3,44949905485267E+001	0,00000000000000E+000	-7,91250575848587E-003	-8,06443216877734E-003	3,57279921101246E-002	 2,58948517847673E-001	 0,00000000000000E+000	2,59097740838091E-001
                      	14742	           5	 7,50000000000000E+000	-1,48085020618166E+001	-9,09330816557084E-001	-3,34738602473376E+001	0,00000000000000E+000	-2,05424864950363E-002	-2,06503502212563E-002	3,65090744041839E-002	 2,56731608083221E-001	 0,00000000000000E+000	2,56859851089013E-001
          Plate\_2\_15	14742	           1	 7,50000000000000E+000	-1,48085020618166E+001	-9,09270944731438E-001	-3,34715988952296E+001	0,00000000000000E+000	-2,06068705553190E-002	-2,07148843392725E-002	3,62835462469458E-002	 2,56731608083221E-001	 0,00000000000000E+000	2,56859851089014E-001
Element 49-100 (Plate)	14743	           2	 7,50000000000000E+000	-1,49797474291787E+001	-1,10196914360656E+000	-3,23361145230875E+001	0,00000000000000E+000	-3,98035574882876E-002	-3,98559801317241E-002	3,61866212441143E-002	 2,51651873196321E-001	 0,00000000000000E+000	2,51856474641880E-001
                (ERSS)	14744	           3	 7,50000000000000E+000	-1,51509927965408E+001	-1,27534391171823E+000	-3,11455709194138E+001	0,00000000000000E+000	-6,53831620395088E-002	-6,53850222236171E-002	3,43466036172737E-002	 2,42733335591733E-001	 0,00000000000000E+000	2,43449151205227E-001
                      	14745	           4	 7,50000000000000E+000	-1,53222381639029E+001	-1,42922309691152E+000	-2,99002464201330E+001	0,00000000000000E+000	-9,73401317003934E-002	-9,73401317003934E-002	3,06384021391334E-002	 2,28889735196148E-001	 0,00000000000000E+000	2,31590469148031E-001
                      	15600	           5	 7,50000000000000E+000	-1,54934835312651E+001	-1,56343454703149E+000	-2,86004193611692E+001	0,00000000000000E+000	-1,35668913962352E-001	-1,35668913962352E-001	2,49369255824033E-002	 2,09033489900872E-001	 0,00000000000000E+000	2,18523821734928E-001
          Plate\_2\_15	15600	           1	 7,50000000000000E+000	-1,54934835312651E+001	-1,56319758915038E+000	-2,85968448429616E+001	0,00000000000000E+000	-1,34408436543225E-001	-1,34408436543225E-001	2,45131043241789E-002	 2,09033489900873E-001	 0,00000000000000E+000	2,18523821735013E-001
Element 49-101 (Plate)	15601	           2	 7,50000000000000E+000	-1,56758668838820E+001	-1,68414901230269E+000	-2,71467653843209E+001	0,00000000000000E+000	-1,82714663053645E-001	-1,82714663053645E-001	1,52685134331902E-002	 1,80177127021089E-001	 0,00000000000000E+000	2,06197523234524E-001
                (ERSS)	15602	           3	 7,50000000000000E+000	-1,58582502364989E+001	-1,78154747447066E+000	-2,56197301558754E+001	0,00000000000000E+000	-2,33340709097570E-001	-2,33340709097570E-001	9,79291717993111E-004	 1,42227986131137E-001	 0,00000000000000E+000	2,05618485837663E-001
                      	15603	           4	 7,50000000000000E+000	-1,60406335891158E+001	-1,85523594652610E+000	-2,40158582463853E+001	0,00000000000000E+000	-2,85035226319476E-001	-2,85035226319476E-001	2,82724600043973E-007	 9,49776124328849E-002	 0,00000000000000E+000	2,04079008578179E-001
                      	16406	           5	 7,50000000000000E+000	-1,62230169417327E+001	-1,90505739934085E+000	-2,23352687446108E+001	0,00000000000000E+000	-3,36546866363839E-001	-3,36546866363839E-001	2,91966175775879E-007	 3,82840587905237E-002	 0,00000000000000E+000	1,98433763824777E-001
          Plate\_2\_15	16406	           1	 7,50000000000000E+000	-1,62230169417327E+001	-1,90467049790334E+000	-2,23288866999305E+001	0,00000000000000E+000	-3,18435408509991E-001	-3,18435408509991E-001	2,57704289350073E-007	 3,82840587905237E-002	 0,00000000000000E+000	1,98433763824596E-001
Element 49-102 (Plate)	16407	           2	 7,50000000000000E+000	-1,64172627062995E+001	-1,93058624772528E+000	-2,04459272577889E+001	0,00000000000000E+000	-3,77870991066614E-001	-3,77870991066614E-001	2,41028872047425E-007	-3,01984475763310E-002	-3,01984475763310E-002	1,86622259538522E-001
                (ERSS)	16408	           3	 7,50000000000000E+000	-1,66115084708664E+001	-1,92702122580999E+000	-1,84491789825829E+001	0,00000000000000E+000	-3,62710475352653E-001	-3,62710475352653E-001	5,17667453483544E-008	-1,03907783983895E-001	-1,03907783983895E-001	1,67043122392170E-001
                      	16409	           4	 7,50000000000000E+000	-1,68057542354332E+001	-1,89385647366882E+000	-1,63373754699871E+001	0,00000000000000E+000	-2,52841853445976E-001	-2,52888146485109E-001	0,00000000000000E+000	-1,65012043264169E-001	-1,65012043264169E-001	1,38680086107400E-001
                      	16420	           5	 7,50000000000000E+000	-1,70000000000000E+001	-1,83097303281314E+000	-1,41092503156764E+001	0,00000000000000E+000	-2,81531174244483E-002	-2,21797487834525E-001	0,00000000000000E+000	-1,94484634028911E-001	-1,94484634028911E-001	1,00613725535397E-001
          Plate\_1\_16	10663	           1	-7,50000000000000E+000	-1,70000000000000E+001	-1,88408442556361E+000	-1,43027150602404E+001	0,00000000000000E+000	-3,96526210503950E-003	-3,96526210503950E-003	1,83525427144822E-001	 2,11175380759816E-001	-2,50780283577136E-003	2,11175380759816E-001
Element 50-103 (Plate)	10664	           2	-7,50000000000000E+000	-1,71250000000000E+001	-1,91905434346209E+000	-1,33514443318233E+001	0,00000000000000E+000	-2,80203985401808E-001	-2,80203985401808E-001	2,06894289211426E-001	 1,92476029926829E-001	-4,86464389354848E-007	1,92476029926829E-001
                (ERSS)	10665	           3	-7,50000000000000E+000	-1,72500000000000E+001	-1,94951510046187E+000	-1,23882968269729E+001	0,00000000000000E+000	-4,73047899023657E-001	-4,73047899023657E-001	9,88318102400265E-002	 1,44643141452691E-001	-3,08844202731661E-007	1,44643141452691E-001
                      	10666	           4	-7,50000000000000E+000	-1,73750000000000E+001	-1,97645818347591E+000	-1,14245163596567E+001	0,00000000000000E+000	-5,89835986213441E-001	-5,89835986213441E-001	1,27610477158340E-006	 7,73540116665913E-002	-1,35923482649546E-007	7,73540116665913E-002
                      	11425	           5	-7,50000000000000E+000	-1,75000000000000E+001	-2,00087507941717E+000	-1,04713467438422E+001	0,00000000000000E+000	-6,37907230214013E-001	-6,60082970070408E-001	8,60364232394713E-007	 1,90819582357449E-017	-1,46733319938974E-013	1,69629067736654E-013
          Plate\_2\_16	16420	           1	 7,50000000000000E+000	-1,70000000000000E+001	-1,84162704636352E+000	-1,41650066483771E+001	0,00000000000000E+000	 2,15012927085690E-002	-2,13396549159882E-001	2,15012927085690E-002	-1,94484634028911E-001	-1,94484634028911E-001	1,00613725535806E-001
Element 51-104 (Plate)	16421	           2	 7,50000000000000E+000	-1,71250000000000E+001	-1,87139307572820E+000	-1,32005205654724E+001	0,00000000000000E+000	 2,90150334598232E-001	-2,25576009279377E-001	2,90150334598232E-001	-1,73803477079016E-001	-1,73803477079016E-001	7,29810373594294E-002
                (ERSS)	16422	           3	 7,50000000000000E+000	-1,72500000000000E+001	-1,89669466264601E+000	-1,22280703064271E+001	0,00000000000000E+000	 4,52856475584461E-001	-2,16505072605661E-001	4,52856475584461E-001	-1,26426319336588E-001	-1,26426319336588E-001	4,50936254449283E-002
                      	16423	           4	 7,50000000000000E+000	-1,73750000000000E+001	-1,91955705648294E+000	-1,12605425046879E+001	0,00000000000000E+000	 5,19719052099439E-001	-1,84514653907125E-001	5,19719052099439E-001	-6,45545267810771E-002	-6,45545267810771E-002	1,97967248085417E-002
                      	17112	           5	 7,50000000000000E+000	-1,75000000000000E+001	-1,94200550660500E+000	-1,03108237937016E+001	0,00000000000000E+000	 5,00837400575346E-001	-1,27935667952156E-001	5,00837400575346E-001	 6,93889390390723E-018	-2,49506144911482E-013	1,77678835186490E-013
